   4.4798089596179196     
   4.4998089996179989     
   25.969851939703879     
   26.029852059704119     
   83.729967459934926     
   83.819967639935285     
   83.887967775935550     
   99.869999739999486     
   99.931999863999721     
   9.2618185236370465     
   9.3918187836375679     
   75.015950031900061     
   75.073950147900291     
   82.011964023928044     
   82.111964223928453     
   20.763841527683056     
   20.875841751683502     
   65.119930239860480     
   65.271930543861089     
   23.339846679693359     
   23.443846887693777     
   37.035874071748147     
   37.157874315748629     
   64.611929223858453     
   64.713929427858858     
   5.7698115396230794     
   5.8598117196234396     
   8.8018176036352074     
   8.8758177516355037     
   17.493834987669974     
   17.561835123670246     
   17.591835183670366     
   65.275930551861109     
   65.329930659861319     
   66.637933275866558     
   66.737933475866953     
   6.5978131956263910     
   6.7278134556269116     
   30.585861171722343     
   30.641861283722566     
   42.831885663771331     
   42.989885979771962     
   48.983897967795933     
   49.083898167796335     
   57.037914075828155     
   57.091914183828365     
   91.133982267964541     
   91.215982431964861     
   93.201986403972811     
   93.281986563973135     
   32.529865059730120     
   32.683865367730732     
   92.407984815969627     
   92.459984919969841     
   28.167856335712671     
   28.295856591713182     
   37.447874895749791     
   37.589875179750358     
   18.535837071674145     
   18.713837427674854     
   6.7598135196270395     
   6.8578137156274313     
   7.2238144476288957     
   7.3778147556295108     
   22.043844087688175     
   22.125844251688502     
   68.401936803873610     
   68.541937083874174     
   92.279984559969122     
   92.361984723969442     
   3.5678071356142711     
   3.6698073396146791     
   8.1818163636327270     
   8.2318164636329278     
   33.501867003734006     
   33.663867327734657     
   46.691893383786770     
   46.793893587787174     
   69.133938267876530     
   69.187938375876755     
   97.195994391988791     
   97.319994639989275     
   97.365994731989460     
   17.447834895669793     
   17.503835007670016     
   45.791891583783169     
   45.897891795783593     
   70.233940467880942     
   70.387940775881546     
   4.1118082236164470     
   4.2298084596169190     
   82.605965211930425     
   82.721965443930884     
   8.5558171116342230     
   8.6538173076346148     
   59.183918367836739     
   59.243918487836979     
   99.905999811999621     
   19.929839859679721     
   19.969839939679879     
   30.095860191720384     
   30.119860239720481     
   30.217860435720873     
   77.637955275910556     
   77.651955303910611     
   8.1238162476324955     
   8.2638165276330557     
   12.271824543649087     
   12.429824859649719     
   38.915877831755665     
   39.003878007756015     
   59.025918051836101     
   59.061918123836250     
   82.615965231930460     
   82.773965547931098     
   17.219834439668880     
   17.335834671669343     
   51.105902211804427     
   51.189902379804757     
   76.163952327904653     
   76.263952527905062     
   46.123892247784497     
   46.293892587785173     
   56.011912023824046     
   56.071912143824285     
   71.319942639885284     
   71.457942915885837     
   98.573997147994291     
   98.737997475994959     
   2.6538053076106154     
   2.7378054756109513     
   26.507853015706033     
   26.561853123706246     
   33.429866859733721     
   33.563867127734255     
   69.013938027876051     
   69.125938251876505     
   92.675985351970709     
   92.759985519971039     
   97.913995827991656     
   98.005996011992025     
   14.019828039656080     
   14.111828223656447     
   14.141828283656567     
   27.411854823709646     
   27.485854971709944     
   53.331906663813328     
   53.445906891813785     
   91.167982335964666     
   91.317982635965265     
   4.6758093516187031     
   4.7378094756189508     
   9.9198198396396791     
   9.9778199556399105     
   57.411914823829648     
   57.467914935829874     
   89.113978227956451     
   89.191978383956766     
   91.033982067964132     
   91.185982371964741     
   23.119846239692478     
   23.269846539693081     
   6.3518127036254075     
   6.4738129476258957     
   31.431862863725726     
   31.539863079726160     
   35.761871523743046     
   35.845871691743383     
   47.265894531789066     
   10.783821567643136     
   10.891821783643568     
   10.919821839643680     
   75.243950487900975     
   75.299950599901194     
   86.575973151946300     
   86.631973263946534     
   92.229984459968918     
   92.291984583969167     
   27.399854799709601     
   27.545855091710184     
   47.083894167788337     
   47.185894371788741     
   47.647895295790590     
   47.675895351790700     
   84.273968547937102     
   84.375968751937506     
   7.9258158516317030     
   7.9698159396318795     
   8.1038162076324145     
   50.933901867803733     
   51.019902039804080     
   58.067916135832270     
   58.199916399832802     
   65.269930539861079     
   65.343930687861373     
   65.375930751861503     
   67.661935323870651     
   67.819935639871275     
   94.193988387976773     
   94.353988707977422     
   57.845915691831387     
   57.931915863831726     
   73.545947091894178     
   73.689947379894761     
   21.787843575687152     
   21.851843703687408     
   21.883843767687534     
   31.657863315726633     
   31.815863631727265     
   50.759901519803037     
   50.871901743803491     
   67.745935491870981     
   67.873935747871499     
   95.361990723981449     
   95.517991035982078     
   14.845829691659384     
   14.927829855659711     
   21.237842475684950     
   21.337842675685351     
   73.165946331892670     
   73.301946603893214     
   95.671991343982683     
   95.803991607983221     
   3.0978061956123910     
   3.1418062836125671     
   25.859851719703439     
   25.963851927703857     
   35.851871703743406     
   35.923871847743698     
   54.179908359816721     
   54.247908495816993     
   54.261908523817048     
   84.363968727937461     
   84.511969023938050     
   87.909975819951640     
   88.041976083952164     
   98.059996119992235     
   98.223996447992903     
  0.14380028760057520     
   17.235834471668944     
   17.327834655669310     
   99.349998699997400     
   99.467998935997869     
   99.973999947999900     
   13.723827447654894     
   13.967827935655871     
   79.071958143916291     
   79.245958491916980     
   11.617823235646471     
   11.645823291646582     
   82.321964643929292     
   82.499964999930000     
  0.12180024360048720     
   33.613867227734453     
   33.675867351734702     
   52.335904671809345     
   52.457904915809834     
   81.953963907927815     
   82.005964011928029     
   4.8538097076194155     
   4.9818099636199271     
   31.303862607725215     
   31.469862939725878     
   35.169870339740676     
   35.185870371740741     
   40.221880443760888     
   40.319880639761280     
   69.373938747877489     
   69.489938979877962     
   71.543943087886177     
   71.611943223886442     
   82.065964131928268     
   82.201964403928812     
   20.465840931681864     
   20.625841251682502     
   32.075864151728304     
   86.749973499947004     
   86.811973623947253     
   36.971873943747887     
   37.121874243748486     
   86.245972491944983     
   86.317972635945267     
   91.143982287964576     
   91.291982583965165     
   12.507825015650031     
   12.573825147650295     
   29.715859431718865     
   29.865859731719464     
   60.445920891841787     
   60.507921015842030     
   80.145960291920588     
   80.235960471920947     
   85.463970927941858     
   85.583971167942337     
   91.481982963965933     
   91.569983139966283     
   90.165980331960668     
   90.271980543961092     
   99.267998535997066     
   99.383998767997539     
   79.521959043918088     
   79.535959071918143     
   50.331900663801328     
   50.449900899801797     
   56.489912979825959     
   56.529913059826121     
   94.783989567979134     
   94.839989679979354     
   96.381992763985522     
   96.511993023986051     
   92.993985987971982     
   93.173986347972701     
   8.7278174556349111     
   8.8358176716353434     
   29.835859671719344     
   29.939859879719759     
   55.481910963821925     
   55.597911195822391     
   63.835927671855345     
   63.907927815855629     
   87.029974059948117     
   87.155974311948626     
   2.6898053796107591     
   2.7438054876109752     
   2.8018056036112071     
   33.513867027734058     
   33.557867115734233     
   50.117900235800469     
   50.213900427800858     
   50.215900431800861     
   50.997901995803993     
   51.109902219804439     
   53.959907919815841     
   54.049908099816200     
   72.623945247890489     
   72.801945603891212     
   14.297828595657192     
   14.317828635657271     
   35.607871215742435     
   35.659871319742642     
   40.529881059762118     
   40.573881147762293     
   56.193912387824774     
   56.243912487824979     
   80.927961855923712     
   81.069962139924286     
   83.605967211934427     
   83.901967803935605     
   15.515831031662064     
   15.549831099662200     
   42.853885707771418     
   42.979885959771920     
   52.357904715809433     
   52.441904883809769     
   56.727913455826915     
   56.771913543827090     
  0.10180020360040720     
   8.6318172636345274     
   8.7598175196350390     
   10.397820795641591     
   10.473820947641896     
   13.727827455654911     
   13.791827583655166     
   19.325838651677305     
   19.357838715677431     
   20.465840931681864     
   20.595841191682382     
   21.011842023684046     
   21.131842263684529     
   25.749851499702999     
   25.905851811703624     
   46.453892907785814     
   46.485892971785944     
   73.547947095894187     
   73.599947199894402     
   4.3258086516173035     
   4.4638089276178556     
   13.419826839653679     
   13.533827067654135     
   22.271844543689088     
   22.389844779689561     
   33.331866663733329     
   33.453866907733818     
   25.495850991701982     
   25.661851323702649     
   88.497976995953991     
   88.567977135954266     
   88.573977147954295     
   75.067950135900276     
   75.171950343900690     
   75.209950419900835     
   82.901965803931603     
   83.011966023932047     
   97.881995763991526     
   98.005996011992025     
   6.7598135196270395     
   6.9018138036276069     
   16.789833579667160     
   16.899833799667601     
   38.681877363754730     
   38.725877451754904     
   46.673893347786695     
   46.757893515787032     
   47.379894759789522     
   47.413894827789655     
   55.959911919823838     
   56.045912091824185     
   63.403926807853615     
   63.557927115854234     
   98.233996467992938     
   98.307996615993233     
   4.7618095236190472     
   4.8678097356194714     
   15.785831571663143     
   15.959831919663840     
   17.107834215668433     
   17.247834495668993     
   25.149850299700599     
   25.333850667701334     
   30.507861015722032     
   30.701861403722809     
   55.019910039820083     
   55.083910167820335     
   93.533987067974138     
   93.625987251974507     
   82.427964855929716     
   82.567965135930265     
   96.117992235984474     
   96.267992535985073     
   17.353834707669414     
   17.513835027670055     
   33.407866815733634     
   33.467866935733873     
   34.939869879739760     
   35.079870159740317     
   75.239950479900955     
   75.371950743901493     
   87.249974499949005     
   87.337974675949354     
   87.393974787949574     
   99.381998763997530     
   99.477998955997919     
   15.799831599663200     
   15.873831747663495     
   24.447848895697792     
   24.615849231698462     
   88.603977207954415     
   88.719977439954874     
   27.305854611709222     
   27.485854971709944     
   32.801865603731208     
   32.919865839731678     
   35.515871031742066     
   35.609871219742438     
   63.425926851853703     
   63.487926975853952     
   19.679839359678720     
   19.737839475678950     
   28.969857939715880     
   29.031858063716129     
   58.361916723833446     
   58.523917047834097     
   30.361860723721449     
   30.535861071722142     
   36.925873851747703     
   37.037874075748149     
   74.837949675899353     
   74.981949963899922     
   85.081970163940326     
   85.153970307940611     
   86.061972123944244     
   86.171972343944688     
   49.667899335798673     
   49.809899619799239     
   71.731943463886921     
   71.839943679887355     
   9.7258194516389036     
   9.8218196436392873     
   53.571907143814286     
   53.619907239814481     
   60.355920711841421     
   60.479920959841920     
   21.193842387684775     
   21.327842655685313     
   62.053924107848218     
   62.115924231848467     
   73.451946903893813     
   73.583947167894337     
   50.185900371800741     
   50.303900607801218     
   82.457964915929836     
   82.591965183930370     
   21.135842271684542     
   21.289842579685160     
   32.315864631729262     
   32.419864839729676     
   21.121842243684487     
   21.249842499684998     
   34.027868055736114     
   34.151868303736606     
   52.143904287808574     
   52.217904435808869     
   63.195926391852787     
   63.321926643853288     
   92.471984943969886     
   92.507985015970036     
   99.805999611999226     
   59.383918767837535     
   59.405918811837623     
   71.323942647885289     
   71.401942803885603     
   85.751971503943011     
   85.913971827943655     
   96.975993951987903     
   97.027994055988117     
   33.295866591733180     
   33.357866715733429     
   86.081972163944329     
   86.105972211944419     
   86.199972399944798     
   94.551989103978201     
   94.733989467978930     
   23.479846959693919     
   23.545847091694185     
   30.599861199722401     
   30.717861435722870     
   76.877953755907512     
   76.957953915907837     
   50.869901739803481     
   50.899901799803601     
   91.521983043966088     
   91.637983275966548     
   42.337884675769352     
   42.369884739769482     
   68.267936535873076     
   79.463958927917858     
   79.625959251918502     
   4.6798093596187194     
   4.7318094636189274     
   22.663845327690655     
   22.799845599691199     
   65.005930011860031     
   65.133930267860535     
   77.671955343910682     
   77.707955415910831     
   8.5800171600343200E-002
   15.411830823661647     
   15.587831175662352     
   63.779927559855118     
   99.465998931997859     
   99.595999191998388     
   6.8738137476274952     
   6.9278138556277113     
   9.9698199396398799     
   10.121820243640487     
   10.849821699643400     
   11.017822035644071     
   40.195880391760781     
   40.239880479760963     
   43.965887931775860     
   44.093888187776379     
   61.267922535845074     
   61.417922835845673     
   11.437822875645752     
   11.469822939645880     
   69.775939551879105     
   69.813939627879250     
   86.149972299944594     
   86.167972335944668     
   86.315972631945257     
   75.879951759903520     
   75.931951863903734     
   98.215996431992863     
   98.311996623993252     
   11.693823387646775     
   11.771823543647088     
   33.663867327734657     
   33.849867699735398     
   66.369932739865476     
   66.457932915865825     
   67.991935983871969     
   68.129936259872522     
   85.887971775943555     
   86.035972071944144     
   3.7238074476148952     
   4.2638085276170550     
   4.3378086756173513     
   6.0038120076240151     
   6.1738123476246951     
   46.933893867787738     
   77.921955843911689     
   77.995955991911984     
  0.24180048360096720     
  0.39580079160158321     
   1.7038034076068151     
   1.8418036836073672     
   64.615929231858459     
   64.763929527859062     
   76.691953383906764     
   76.841953683907363     
   1.5038030076060152     
   1.5518031036062072     
   8.5958171916343833     
   8.7658175316350633     
   65.831931663863330     
   65.913931827863649     
   66.141932283864563     
   66.225932451864907     
   47.115894231788467     
   47.157894315788631     
   59.965919931839863     
   60.021920043840090     
   89.463978927957854     
   89.527979055958113     
   89.557979115958233     
   72.165944331888667     
   72.339944679889356     
   16.581833163666328     
   16.679833359666720     
   20.531841063682126     
   20.617841235682473     
   36.927873855747713     
   37.051874103748204     
   36.753873507747016     
   36.871873743747486     
   41.633883267766535     
   41.767883535767069     
   42.445884891769786     
   42.507885015770029     
   55.177910355820714     
   55.213910427820856     
   63.245926491852984     
   63.317926635853269     
   88.121976243952489     
   88.223976447952893     
   55.705911411822825     
   55.787911575823152     
   56.631913263826526     
   56.705913411826820     
   58.983917967835936     
   59.047918095836195     
   89.411978823957654     
   10.033820067640136     
   10.131820263640527     
   39.823879647759298     
   39.909879819759638     
   46.577893155786313     
   46.691893383786770     
   64.359928719857436     
   64.495928991857980     
   92.171984343968688     
   92.213984427968853     
   27.745855491710984     
   27.905855811711625     
   83.285966571933145     
   83.447966895933789     
   30.863861727723457     
   30.957861915723832     
   62.233924467848937     
   62.305924611849221     
   96.539993079986161     
   96.621993243986495     
   38.427876855753709     
   38.557877115754231     
   44.529889059778121     
   44.553889107778218     
   9.5800191600383194E-002
   34.703869407738814     
   34.831869663739326     
   50.051900103800207     
   50.211900423800849     
   83.587967175934352     
   83.697967395934796     
   1.5098030196060392     
   1.6618033236066472     
   47.497894995789991     
   47.589895179790361     
   75.407950815901629     
   75.555951111902218     
   75.563951127902257     
   5.9158118316236630     
   5.9618119236238476     
   33.363866727733452     
   33.449866899733799     
   40.591881183762368     
   40.679881359762717     
   67.727935455870906     
   67.763935527871055     
   75.971951943903889     
   76.037952075904158     
   80.663961327922650     
   80.761961523923048     
   32.351864703729404     
   32.437864875729751     
   74.531949063898125     
   74.569949139898284     
   96.613993227986455     
   96.649993299986605     
   8.2058164116328225     
   8.2938165876331755     
   16.843833687667374     
   16.911833823667646     
   16.925833851667704     
   50.489900979801959     
   50.633901267802536     
   66.379932759865525     
   66.521933043866085     
   7.1698143396286795     
   7.3198146396292794     
   13.945827891655783     
   14.055828111656224     
   14.671829343658688     
   14.829829659659319     
   54.301908603817211     
   55.983911967823936     
   56.099912199824402     
   82.181964363928728     
   82.333964667929337     
   92.837985675971353     
   92.943985887971778     
   94.029988059976120     
   94.183988367976738     
   54.491908983817964     
   54.589909179818356     
   78.989957979915957     
   79.027958055916116     
  0.43380086760173520     
  0.55980111960223922     
   3.5798071596143193     
   3.6298072596145192     
   58.433916867833737     
   72.063944127888263     
   72.121944243888493     
   93.481986963973924     
   93.567987135974278     
   93.595987191974388     
   5.6398112796225597     
   5.8218116436232874     
   18.361836723673449     
   18.501837003674009     
   20.387840775681550     
   20.467840935681870     
   32.931865863731730     
   32.991865983731969     
   5.5518111036222075     
   5.7118114236228470     
   66.271932543865091     
   66.385932771865541     
   71.147942295884590     
   71.271942543885089     
   84.663969327938659     
   84.821969643939283     
   25.455850911701823     
   25.545851091702183     
   73.391946783893573     
   73.541947083894172     
   90.073980147960299     
   90.213980427960863     
   7.9318158636317273     
   8.0058160116320227     
   19.345838691677383     
   19.403838807677616     
   21.643843287686575     
   21.721843443686886     
   23.075846151692303     
   23.193846387692776     
   29.395858791717583     
   29.515859031718062     
   46.005892011784020     
   81.457962915925833     
   81.589963179926357     
   87.679975359950717     
   87.797975595951186     
   90.871981743963488     
   90.983981967963942     
   17.749835499671001     
   17.781835563671127     
   70.615941231882459     
   70.685941371882748     
   79.767959535919076     
   79.807959615919231     
   87.475974951949908     
   87.655975311950627     
   20.471840943681887     
   20.549841099682201     
   36.113872227744459     
   36.205872411744821     
   41.153882307764619     
   41.231882463764926     
   95.557991115982233     
   95.623991247982502     
   6.9598139196278392     
   7.0718141436282869     
   17.553835107670217     
   17.659835319670638     
   25.005850011700023     
   25.101850203700408     
   34.285868571737140     
   34.351868703737409     
   59.385918771837545     
   59.461918923837850     
   72.383944767889531     
   72.515945031890070     
   81.651963303926607     
   81.725963451926901     
   6.0838121676243349     
   6.2018124036248077     
   58.113916227832455     
   58.263916527833054     
   89.163978327956656     
   1.9078038156076311     
   1.9818039636079272     
   12.939825879651758     
   12.975825951651903     
   13.051826103652207     
   13.053826107652215     
   16.757833515667031     
   16.837833675667351     
   84.793969587939173     
   84.919969839939682     
   85.241970483940975     
   85.325970651941304     
   11.701823403646808     
   11.765823531647063     
   33.107866215732429     
   33.197866395732788     
   38.677877355754710     
   38.741877483754969     
   74.031948063896124     
   74.147948295896597     
   85.653971307942612     
   85.685971371942742     
   92.939985879971758     
   93.015986031972062     
   7.0698141396282796     
   7.0938141876283751     
   7.7398154796309591     
   7.7758155516311032     
   12.109824219648440     
   12.211824423648848     
   24.347848695697390     
   24.463848927697857     
   44.591889183778370     
   44.725889451778905     
   62.639925279850559     
   62.687925375850753     
   89.211978423956850     
   89.331978663957329     
   15.347830695661392     
   15.495830991661983     
   21.877843755687511     
   21.999843999688000     
   40.953881907763815     
   41.065882131764262     
   41.077882155764314     
   92.955985911971823     
   93.029986059972117     
   6.6278132556265117     
   6.7438134876269755     
   6.8238136476272953     
   3.6018072036144071     
   23.955847911695823     
   24.091848183696367     
   50.067900135800272     
   50.117900235800469     
   66.087932175864353     
   66.221932443864887     
   19.201838403676806     
   19.273838547677094     
   62.773925547851093     
   62.853925707851417     
   74.227948455896907     
   74.369948739897481     
   23.973847947695894     
   24.101848203696406     
   67.097934195868390     
   67.199934399868795     
   18.019836039672079     
   18.105836211672422     
   52.951905903811806     
   53.061906123812250     
   59.251918503837011     
   59.397918795837590     
   60.135920271840547     
   60.169920339840679     
   67.753935507871020     
   67.835935671871340     
   71.851943703887414     
   71.919943839887679     
   80.843961687923382     
   80.945961891923787     
   39.183878367756733     
   39.309878619757242     
   72.413944827889651     
   72.469944939889885     
   74.285948571897137     
   74.361948723897441     
  0.16580033160066321     
   24.511849023698048     
   24.551849103698206     
   27.787855575711152     
   27.843855687711375     
   47.095894191788382     
   47.173894347788696     
   50.909901819803636     
   51.035902071804145     
   81.019962039924081     
   81.143962287924580     
   44.555889111778221     
   44.619889239778480     
   61.501923003846009     
   61.597923195846391     
   5.4838109676219355     
   5.5258110516221031     
   6.6418132836265675     
   6.7138134276268548     
   29.809859619719241     
   29.895859791719584     
   39.563879127758256     
   39.717879435758874     
   47.863895727791459     
   47.947895895791788     
   53.085906171812347     
   53.131906263812525     
   56.035912071824143     
   56.195912391824784     
   72.457944915889826     
   72.555945111890225     
   72.575945151890309     
   78.883957767915533     
   78.935957871915747     
   98.941997883995768     
   98.989997979995962     
   23.661847323694648     
   23.703847407694816     
   44.381888763777525     
   44.531889063778131     
   28.939857879715760     
   28.987857975715951     
   94.027988055976110     
   94.145988291976579     
   12.889825779651559     
   13.035826071652144     
   42.751885503771007     
   42.911885823771648     
   42.961885923771845     
   43.047886095772192     
   62.475924951849905     
   62.595925191850384     
   28.869857739715478     
   29.033858067716135     
   57.349914699829398     
   57.511915023830049     
   83.853967707935411     
   84.035968071936139     
   85.831971663943321     
   85.973971947943895     
   95.103990207980416     
   95.205990411980821     
   84.773969547939089     
   84.901969803939608     
   30.903861807723615     
   31.025862051724104     
   11.383822767645535     
   11.479822959645919     
   17.477834955669913     
   17.593835187670376     
   96.145992291984584     
   96.197992395984798     
   32.123864247728498     
   32.267864535729075     
   34.421868843737684     
   34.529869059738118     
   74.329948659897326     
   74.445948891897785     
   90.543981087962180     
   90.639981279962555     
   33.163866327732656     
   33.201866403732808     
   44.985889971779940     
   45.087890175780352     
   69.807939615879235     
   69.877939755879510     
   99.281998563997135     
   99.367998735997475     
   99.373998747997490     
   3.8898077796155590     
   3.9518079036158071     
   45.773891547783094     
   45.857891715783431     
   76.905953811907622     
   76.953953907907817     
   84.147968295936593     
   66.355932711865421     
   66.451932903865810     
   67.503935007870012     
   67.583935167870337     
   22.259844519689040     
   22.355844711689425     
   37.389874779749562     
   37.427874855749714     
   37.533875067750138     
   51.431902863805725     
   51.513903027806059     
   94.033988067976139     
   94.147988295976589     
   10.911821823643647     
   10.945821891643783     
   16.971833943667889     
   17.065834131668264     
   35.783871567743134     
   35.899871799743600     
   41.483882967765936     
   41.533883067766133     
   43.737887475774954     
   43.805887611775226     
   20.181840363680728     
   20.277840555681113     
   20.285840571681142     
   21.393842787685575     
   21.485842971685944     
   30.769861539723081     
   30.853861707723414     
   50.737901475802950     
   50.817901635803274     
   88.327976655953307     
   88.373976747953492     
   19.791839583679167     
   19.863839727679455     
   22.839845679691358     
   23.015846031692064     
   94.467988935977871     
   94.605989211978425     
   16.121832243664489     
   16.205832411664822     
   97.597995195990393     
   97.695995391990778     
   45.455890911781822     
   45.591891183782366     
   59.189918379836762     
   59.269918539837079     
   79.135958271916550     
   79.283958567917139     
   86.195972391944778     
   86.283972567945142     
   99.933999867999731     
   50.031900063800130     
   50.159900319800641     
   58.319916639833281     
   58.429916859833718     
   59.147918295836590     
   59.187918375836752     
   80.691961383922774     
   80.757961515923029     
   86.045972091944179     
   86.075972151944299     
   97.473994947989894     
   97.541995083990173     
   68.731937463874928     
   68.813937627875262     
   11.913823827647656     
   12.045824091648184     
   43.431886863773727     
   43.523887047774096     
   48.805897611795224     
   48.869897739795476     
   9.9078198156396304     
   9.9458198916397826     
   27.653855307710614     
   27.791855583711168     
   31.189862379724758     
   31.295862591725182     
   40.227880455760911     
   40.379880759761519     
   46.813893627787259     
   46.853893707787414     
   53.983907967815938     
   54.113908227816452     
   8.4978169956339915     
   8.6058172116344238     
   8.6838173676347346     
   33.691867383734767     
   33.801867603735211     
   63.663927327854658     
   8.9198178396356784     
   9.0698181396362791     
   20.621841243682486     
   20.709841419682839     
   36.217872435744873     
   36.377872755745514     
   66.813933627867257     
   66.875933751867507     
   18.709837419674841     
   18.833837667675336     
   22.431844863689726     
   22.451844903689807     
   76.227952455904912     
   76.321952643905291     
   85.537971075942153     
   85.645971291942587     
   14.493828987657976     
   14.559829119658239     
   40.643881287762575     
   40.713881427762857     
   48.467896935793874     
   48.591897183794366     
   18.649837299674598     
   18.695837391674782     
   41.469882939765881     
   41.521883043766088     
  0.11380022760045520     
   27.001854003708008     
   27.077854155708312     
   38.937877875755753     
   38.987877975755950     
   40.085880171760344     
   40.143880287760574     
   51.129902259804517     
   51.197902395804789     
   54.033908067816135     
   54.167908335816669     
   80.515961031922060     
   80.607961215922430     
  0.25580051160102318     
  0.32380064760129518     
   61.167922335844672     
   61.231922463844924     
   26.095852191704385     
   26.259852519705039     
   55.187910375820749     
   55.241910483820966     
   1.5378030756061511     
   1.6758033516067032     
   34.397868795737594     
   34.527869055738108     
   41.479882959765916     
   41.641883283766568     
   32.307864615729230     
   32.429864859729719     
   57.459914919829842     
   57.607915215830431     
   23.117846235692472     
   23.213846427692854     
   51.913903827807658     
   51.977903955807911     
   72.219944439888877     
   72.269944539889082     
   35.173870347740696     
   35.319870639741282     
   61.551923103846207     
   61.677923355846708     
   79.117958235916475     
   79.233958467916935     
   85.613971227942457     
   85.747971495942991     
   38.681877363754730     
   38.831877663755328     
   66.005932011864019     
   66.077932155864318     
   66.153932307864622     
   71.343942687885374     
   71.409942819885643     
   62.983925967851938     
   63.107926215852430     
   20.421840843681686     
   20.531841063682126     
   20.575841151682305     
   31.849863699727401     
   31.971863943727886     
   58.651917303834608     
   58.795917591835185     
   62.033924067848133     
   80.719961439922884     
   80.795961591923188     
   89.345978691957384     
   89.423978847957699     
   90.769981539963084     
   90.823981647963294     
   9.9800199600399195E-002
   8.4118168236336466     
   8.4518169036338069     
   47.935895871791743     
   48.109896219792439     
   81.523963047926102     
   81.671963343926691     
   16.539833079666160     
   16.569833139666279     
   46.485892971785944     
   46.569893139786281     
   84.903969807939617     
   85.049970099940197     
   35.615871231742460     
   35.731871463742927     
   62.315924631849263     
   62.367924735849471     
   30.771861543723087     
   30.843861687723376     
   49.783899567799132     
   49.929899859799718     
   67.307934615869229     
   67.425934851869698     
   98.901997803995613     
   98.987997975995953     
   22.511845023690046     
   22.625845251690503     
   28.933857867715737     
   29.073858147716294     
   88.047976095952194     
   88.131976263952524     
   88.241976483952968     
   13.375826751653504     
   13.503827007654015     
   20.081840163680326     
   20.233840467680935     
   32.743865487730979     
   32.897865795731590     
   34.839869679739358     
   35.029870059740119     
   71.623943247886501     
   71.699943399886806     
   90.137980275960558     
   90.153980307960623     
   56.137912275824554     
   56.265912531825066     
   23.773847547695095     
   23.869847739695480     
   29.801859603719208     
   29.939859879719759     
   61.829923659847317     
   61.943923887847774     
   82.805965611931228     
   82.949965899931797     
   89.491978983957964     
   89.639979279958567     
   97.599995199990403     
   97.703995407990817     
   11.565823131646264     
   11.693823387646775     
   15.031830063660127     
   15.115830231660464     
   20.815841631683263     
   20.947841895683791     
   96.303992607985222     
   96.429992859985717     
   21.873843747687495     
   21.973843947687897     
   45.901891803783606     
   45.971891943783888     
   84.571969143938290     
   84.639969279938555     
   2.7418054836109671     
   2.8558057116114233     
   89.175978351956701     
   89.283978567957135     
   25.733851467702934     
   25.895851791703585     
   40.225880451760901     
   40.299880599761202     
   97.477994955989914     
   97.551995103990208     
   90.419980839961681     
   90.557981115962235     
   90.569981139962280     
   90.701981403962805     
   18.917837835675673     
   19.067838135676272     
   36.585873171746343     
   36.733873467746939     
   46.175892351784704     
   46.267892535785073     
   20.455840911681822     
   20.541841083682169     
   38.933877867755733     
   39.041878083756167     
   58.139916279832562     
   58.263916527833054     
   87.889975779951556     
   88.027976055952109     
   80.319960639921277     
   80.375960751921511     
   83.885967771935540     
   83.911967823935655     
   83.989967979935955     
   85.659971319942642     
   85.789971579943156     
   95.629991259982518     
   95.757991515983036     
   11.033822067644135     
   11.103822207644415     
   29.685859371718742     
   29.795859591719182     
   59.769919539839080     
   15.583831167662336     
   15.763831527663056     
   75.699951399902801     
   75.797951595903186     
   83.643967287934572     
   83.663967327934657     
   83.781967563935126     
  0.11780023560047120     
   31.049862099724198     
   31.157862315724632     
   46.689893379786760     
   46.823893647787294     
   3.9278078556157112     
   4.0978081956163912     
   38.129876259752521     
   38.177876355752709     
   45.243890487780973     
   79.353958707917414     
   79.525959051918107     
   17.159834319668640     
   17.255834511669022     
   38.857877715755428     
   38.965877931755863     
   43.719887439774880     
   43.859887719775436     
   44.195888391776784     
   44.319888639777282     
   63.503927007854017     
   63.539927079854159     
   15.689831379662760     
   15.869831739663478     
   37.765875531751064     
   37.799875599751196     
   46.445892891785782     
   46.621893243786488     
   70.723941447882893     
   70.849941699883402     
   78.783957567915138     
   78.891957783915572     
   89.891979783959570     
   89.997979995959994     
   32.311864623729250     
   32.403864807729619     
   48.191896383792766     
   48.285896571793145     
   48.295896591793181     
   52.127904255808510     
   52.179904359808717     
   74.803949607899213     
   74.877949755899508     
   90.101980203960409     
   90.165980331960668     
   40.279880559761118     
   40.331880663761325     
   95.631991263982528     
   95.755991511983026     
   33.127866255732513     
   33.217866435732873     
   48.541897083794169     
   48.689897379794758     
   77.185954371908750     
   77.367954735909478     
   85.347970695941399     
   85.419970839941683     
   74.953949907899812     
   75.033950067900136     
   19.073838147676295     
   19.189838379676761     
   28.481856963713927     
   28.609857219714439     
   55.533911067822139     
   55.641911283822566     
   93.753987507975012     
   93.903987807975611     
   66.971933943867882     
   67.025934051868106     
   5.5998111996223994     
   5.7018114036228074     
   26.485852971705942     
   26.629853259706518     
   53.285906571813143     
   53.315906631813263     
   94.991989983979963     
   95.035990071980137     
   40.949881899763803     
   40.983881967763935     
   62.819925639851277     
   62.919925839851679     
   93.669987339974682     
   93.787987575975151     
   99.051998103996212     
   99.143998287996581     
   3.0438060876121753     
   3.1358062716125432     
   5.7498114996229992     
   5.8038116076232154     
   5.8438116876233757     
   31.149862299724600     
   31.251862503725008     
   38.755877511755024     
   38.839877679755361     
   59.387918775837555     
   59.529919059838122     
   60.327920655841311     
   60.423920847841693     
   60.445920891841787     
   68.475936951873905     
   68.565937131874264     
   82.839965679931353     
   82.963965927931852     
   10.513821027642056     
   10.675821351642703     
   29.187858375716750     
   29.291858583717168     
   34.245868491736985     
   34.321868643737290     
   34.361868723737444     
   91.723983447966901     
   91.885983771967545     
   38.345876691753382     
   38.471876943753891     
   55.161910323820649     
   55.229910459820921     
   56.593913187826374     
   56.661913323826646     
   82.639965279930564     
   82.727965455930914     
   20.869841739683480     
   20.911841823683648     
   27.815855631711262     
   27.985855971711942     
   52.311904623809248     
   52.361904723809445     
   62.425924851849700     
   62.501925003850005     
   83.005966011932017     
   83.123966247932501     
   4.3098086196172396     
   4.4198088396176791     
   4.4538089076178151     
   9.2698185396370789     
   9.3698187396374788     
   78.695957391914789     
   78.837957675915348     
   10.865821731643463     
   10.919821839643680     
   62.471924943849885     
   62.591925183850371     
   64.543929087858174     
   64.601929203858404     
   78.221956443912887     
   78.311956623913247     
   8.0978161956323920     
   8.1438162876325748     
   10.281820563641126     
   10.423820847641695     
   38.391876783753567     
   38.565877131754263     
   53.689907379814763     
   53.803907607815212     
   79.159958319916640     
   79.187958375916750     
   40.633881267762533     
   40.761881523763044     
   77.507955015910028     
   77.553955107910213     
   80.001960003920004     
   80.133960267920543     
   16.391832783665567     
   16.455832911665823     
   16.483832967665936     
   56.941913883827766     
   84.243968487936982     
   84.345968691937387     
   10.335820671641343     
   10.475820951641904     
   28.959857919715841     
   29.085858171716342     
   35.843871687743373     
   35.897871795743590     
   38.767877535755069     
   38.841877683755371     
   63.791927583855170     
   63.931927863855726     
   95.197990395980796     
   95.307990615981225     
   95.313990627981255     
   49.131898263796529     
   49.289898579797160     
   60.057920115840233     
   60.141920283840570     
   9.4938189876379759     
   9.5838191676383353     
   36.723873447746897     
   36.839873679747356     
   97.113994227988456     
   97.199994399988796     
   90.105980211960429     
   90.145980291960583     
   96.801993603987214     
   96.907993815987638     
   42.283884567769135     
   42.333884667769333     
   44.627889255778513     
   44.747889495778992     
   33.001866003732005     
   33.125866251732504     
   45.515891031782061     
   45.693891387782777     
   49.573899147798294     
   49.747899495798990     
   66.549933099866195     
   66.705933411866823     
   39.981879963759930     
   73.675947351894706     
   73.809947619895240     
   39.545879091758181     
   39.633879267758537     
   58.525917051834107     
   58.657917315834631     
   66.853933707867412     
   67.003934007868011     
   67.337934675869349     
   67.447934895869793     
   67.513935027870062     
   57.107914215828430     
   57.183914367828734     
   66.113932227864453     
   66.269932539865081     
   95.407990815981634     
   95.537991075982148     
   17.565835131670262     
   17.603835207670414     
   17.701835403670806     
   24.095848191696383     
   24.147848295696591     
   74.617949235898479     
   74.741949483898964     
   89.617979235958472     
   89.793979587959171     
   11.015822031644063     
   11.157822315644632     
   4.5098090196180394     
   4.6558093116186230     
   11.529823059646120     
   11.587823175646351     
   18.783837567675135     
   18.895837791675582     
   4.7800095600191203E-002
   12.125824251648503     
   12.285824571649144     
   74.361948723897441     
   74.415948831897666     
   83.997967995935994     
   84.103968207936418     
   84.553969107938215     
   84.675969351938704     
   10.259820519641039     
   10.319820639641279     
   52.417904835809672     
   52.549905099810196     
   71.957943915887839     
   72.073944147888298     
   72.901945803891607     
   73.011946023892051     
   93.133986267972531     
   93.185986371972746     
   3.2658065316130633     
   3.4078068156136312     
   59.855919711839427     
   59.921919843839689     
   85.523971047942098     
   85.605971211942418     
   96.865993731987459     
   96.933993867987738     
   24.647849295698592     
   24.699849399698799     
   29.753859507719014     
   29.893859787719574     
   36.823873647747298     
   36.929873859747723     
   59.461918923837850     
   59.579919159838319     
   83.295966591933180     
   83.345966691933384     
   46.645893291786585     
   46.705893411786825     
   56.965913931827863     
   75.759951519903041     
   75.829951659903315     
   95.779991559983117     
   95.919991839983680     
   3.7378074756149511     
   3.8478076956153910     
   19.563839127678257     
   19.653839307678616     
   32.635865271730545     
   32.715865431730862     
   71.683943367886741     
   71.791943583887161     
   74.993949987899981     
   75.135950271900541     
   94.169988339976683     
   94.265988531977058     
   98.365996731993462     
   98.447996895993796     
   22.321844643689289     
   22.483844967689937     
   59.193918387836774     
   59.341918683837370     
   83.509967019934038     
   83.625967251934497     
   89.873979747959496     
   89.953979907959820     
   26.313852627705256     
   26.407852815705631     
   58.249916499832999     
   58.329916659833323     
   94.973989947979902     
   95.141990283980562     
   19.525839051678105     
   19.655839311678623     
   27.447854895709792     
   27.601855203710407     
   95.861991723983451     
   95.951991903983810     
   6.1818123636247275     
   6.2678125356250716     
   38.165876331752663     
   38.257876515753033     
   89.959979919959835     
   90.073980147960299     
   1.8578037156074312     
   1.8938037876075753     
   46.229892459784921     
   46.381892763785530     
   44.677889355778710     
   44.751889503779005     
   25.679851359702720     
   25.819851639703280     
   26.381852763705528     
   26.509853019706039     
   60.923921847843694     
   61.065922131844260     
   78.447956895913791     
   78.503957007914011     
   18.683837367674734     
   18.711837423674847     
   24.525849051698103     
   24.573849147698294     
   24.597849195698391     
   42.133884267768536     
   42.221884443768886     
   78.555957111914225     
   78.729957459914914     
   41.125882251764502     
   41.285882571765143     
   85.271970543941094     
   85.423970847941689     
   47.883895767791536     
   47.909895819791643     
   94.783989567979134     
   94.971989943979892     
   81.367962735925474     
   81.405962811925619     
   83.517967035934078     
   83.659967319934637     
   99.839999679999366     
   99.953999907999815     
   5.3800107600215204E-002
   13.573827147654296     
   13.687827375654752     
   18.425836851673704     
   18.511837023674047     
   20.609841219682441     
   20.683841367682735     
   25.363850727701454     
   25.477850955701911     
   66.831933663867332     
   66.935933871867746     
   87.237974475948945     
   87.305974611949225     
   29.241858483716967     
   29.331858663717327     
   62.735925471850940     
   62.843925687851375     
   86.919973839947673     
   86.953973907947812     
   14.711829423658846     
   14.863829727659455     
   37.861875723751446     
   37.991875983751967     
   48.879897759795519     
   48.939897879795758     
   94.953989907979818     
   95.027990055980112     
   3.7800075600151202E-002
   23.933847867695736     
   23.999847999695998     
   37.689875379750760     
   37.755875511751022     
   72.175944351888702     
   72.275944551889097     
   96.527993055986116     
   96.575993151986310     
   99.461998923997854     
   99.581999163998333     
   24.979849959699919     
   25.101850203700408     
   55.581911163822326     
   55.677911355822708     
   98.941997883995768     
   98.969997939995878     
   13.441826883653768     
   13.493826987653975     
   41.105882211764424     
   41.171882343764686     
   57.873915747831497     
   57.991915983831966     
   73.717947435894871     
   73.795947591895185     
   48.547897095794191     
   48.663897327794658     
   68.189936379872762     
   68.289936579873157     
   70.999941999884001     
   71.189942379884755     
   24.715849431698864     
   24.747849495698990     
   81.091962183924366     
   81.113962227924461     
   94.649989299978600     
   94.763989527979049     
   10.533821067642135     
   10.683821367642736     
   61.869923739847479     
   61.975923951847903     
   90.071980143960289     
   90.181980363960733     
   94.195988391976783     
   94.249988499976993     
   95.669991339982687     
   95.705991411982822     
   26.547853095706191     
   26.613853227706457     
   32.699865399730797     
   32.813865627731253     
   58.555917111834226     
   58.709917419834838     
   93.223986447972891     
   93.317986635973270     
   33.081866163732329     
   33.153866307732613     
   69.867939735879474     
   69.931939863879734     
   84.823969647939293     
   84.885969771939543     
   29.653859307718616     
   29.735859471718943     
   31.797863595727190     
   31.899863799727598     
   96.227992455984918     
   9.4978189956379921     
   28.987857975715951     
   39.795879591759181     
   39.915879831759661     
   40.069880139760279     
   40.169880339760681     
   44.843889687779374     
   44.969889939779883     
   65.135930271860545     
   65.291930583861173     
   86.481972963945921     
   86.591973183946365     
   90.185980371960738     
   90.311980623961247     
   90.381980763961522     
   90.467980935961876     
