   41.339765359061438     
   41.471765887063547     
   43.001772007088029     
   43.071772287089146     
   50.125800503202015     
   50.269801079204314     
   61.965847863391453     
   62.135848543394175     
   91.687966751867009     
   91.855967423869700     
   2.1296085184340736     
   2.1676086704346815     
   10.301641206564826     
   10.393641574566299     
   26.097704390817562     
   59.691838767355073     
   59.849839399357599     
   17.535670142680569     
   17.685670742682969     
   58.645834583338335     
   58.775835103340413     
   70.301881207524829     
   70.409881639526560     
   79.859919439677753     
   79.981919927679712     
   84.995939983759939     
   85.167940671762693     
   88.863955455821824     
   88.993955975823908     
   97.957991831967334     
   98.095992383969531     
   41.133764535058141     
   41.235764943059770     
   81.671926687706744     
   81.785927143708577     
   63.353853415413660     
   63.411853647414588     
   79.365917463669859     
   79.391917567670276     
   19.143676574706298     
   19.215676862707451     
   55.813823255293023     
   55.971823887295550     
   62.465849863399455     
   62.531850127400510     
   83.441933767735065     
   83.495933983735938     
   86.603946415785657     
   86.707946831787325     
   29.341717366869467     
   29.421717686870746     
   50.907803631214527     
   50.957803831215323     
   55.931823727294912     
   56.051824207296832     
   78.245912983651934     
   78.401913607654436     
   52.619810479241920     
   52.697810791243164     
   95.927983711934843     
   96.075984303937219     
   23.663694654778620     
   23.725694902779612     
   39.773759095036382     
   39.829759319037279     
   43.299773199092797     
   43.405773623094490     
   90.907963631854528     
   90.989963959855842     
   53.771815087260350     
   53.915815663262656     
   4.2196168784675141     
   4.2836171344685381     
   14.701658806635226     
   27.945711782847130     
   28.079712318849275     
   67.791871167484672     
   67.873871495485986     
   75.935903743614972     
   76.065904263617057     
   19.413677654710618     
   19.487677950711802     
   22.701690806763228     
   22.739690958763834     
   53.313813255253024     
   53.383813535254141     
   63.543854175416705     
   63.635854543418176     
   67.721870887483547     
   67.871871487485947     
   8.3136332545330180     
   8.4136336545346175     
   19.087676350705404     
   19.253677014708060     
   57.505830023320094     
   57.573830295321180     
   77.735910943643773     
   77.831911327645315     
   79.969919879679523     
   80.037920151680609     
   11.551646206584826     
   11.671646686586746     
   17.429669718678873     
   17.555670222680892     
   36.311745246980990     
   36.355745422981691     
   96.099984399937597     
   96.141984567938266     
   35.043740174960703     
   35.159740638962553     
   55.891823567294267     
   55.985823943295770     
   71.019884079536311     
   71.147884591538372     
   4.5616182464729862     
   4.6436185744742975     
   57.315829263317056     
   57.431829727318906     
   71.073884295537184     
   71.183884735538939     
   2.3336093344373379     
   2.4596098384393539     
   39.835759343037374     
   39.971759887039546     
   44.839779359117436     
   44.939779759119034     
   60.463841855367420     
   60.581842327369309     
   60.587842351369403     
   84.123936495745980     
   84.267937071748293     
   86.459945839783359     
   86.549946199784799     
   87.875951503806021     
   87.919951679806715     
   90.089960359841442     
   90.171960687842756     
   95.595982383929538     
   95.761983047932191     
   97.479989919959678     
   97.645990583962330     
   9.6856387425549695     
   9.7616390465561871     
   9.8276393105572417     
   79.773919095676376     
   79.859919439677753     
   84.981939927759711     
   85.109940439761758     
   65.177860711442847     
   65.337861351445412     
   19.543678174712699     
   19.701678806715226     
   30.473721894887579     
   30.603722414889660     
   58.309833239332960     
   39.085756343025373     
   39.189756759027034     
   73.873895495581976     
   73.923895695582786     
   90.269961079844322     
   90.383961535846140     
   7.1416285665142665     
   7.2516290065160263     
   41.891767567070268     
   42.063768255073022     
   45.183780735122937     
   45.281781127124511     
   14.497657990631962     
   14.559658238632954     
   50.425801703206815     
   50.471801887207548     
   76.563906255625028     
   76.671906687626745     
   84.407937631750528     
   84.549938199752802     
   94.287977151908606     
   94.359977439909756     
   7.8716314865259465     
   7.8916315665262662     
   8.0236320945283790     
   15.175660702642810     
   15.213660854643418     
   18.709674838699353     
   18.879675518702076     
   20.737682950731802     
   20.899683598734395     
   97.037988151952604     
   97.103988415953665     
   42.539770159080639     
   42.683770735082938     
   47.519790079160316     
   47.613790455161819     
   54.469817879271517     
   54.619818479273917     
   74.753899015596062     
   74.813899255597022     
   84.891939567758271     
   84.893939575758310     
   6.5956263825055297     
   6.6916267665070661     
   20.399681598726396     
   20.445681782727132     
   81.417925671702690     
   81.543926175704698     
  0.81760327041308167     
  0.91560366241464963     
   53.335813343253371     
   53.493813975255904     
   8.5836343345373383     
   8.7316349265397069     
   10.823643294573179     
   10.895643582574330     
   17.019668078672314     
   17.115668462673852     
   32.909731638926559     
   33.011732046928188     
   36.509746038984154     
   36.657746630986523     
   38.961755847023390     
   39.001756007024028     
   19.747678990715961     
   19.821679286717146     
   21.325685302741210     
   21.427685710742843     
   53.515814063256251     
   53.587814351257407     
   56.569826279305119     
   56.665826663306653     
   94.169976679906725     
   94.277977111908442     
   46.093784375137503     
   46.149784599138400     
   64.637858551434206     
   64.805859223436897     
   71.897887591550372     
   72.069888279553112     
   11.085644342577371     
   11.115644462577849     
   47.401789607158427     
   47.437789751159002     
   81.927927711710851     
   82.057928231712921     
   92.589970359881434     
   92.735970943883771     
   1.9116076464305858     
   1.9916079664318658     
   19.455677822711291     
   19.561678246712987     
   95.075980303921213     
   95.235980943923778     
   40.435761743046974     
   40.487761951047801     
   56.787827151308605     
   56.903827615310462     
   71.225884903539608     
   71.277885111540442     
   3.9276157104628417     
   4.0096160384641539     
   63.147852591410363     
   63.255853023412094     
   4.2296169184676735     
   4.3616174464697854     
   34.777739110956446     
   34.923739694958783     
   68.071872287489157     
   68.237872951491809     
   69.165876663506651     
   69.223876895507587     
   30.843723374893500     
   30.903723614894460     
   52.193808775235098     
   52.331809327237309     
   20.327681310725243     
   20.411681646726588     
   35.305741222964890     
   35.331741326965307     
   35.787743150972602     
   35.849743398973594     
   35.877743510974042     
   4.6516186064744263     
   4.6916187664750657     
   83.993935975743909     
   84.081936327745311     
   90.567962271849083     
   90.611962447849791     
   90.681962727850916     
   90.691962767851066     
   41.989767959071834     
   42.137768551074203     
   47.301789207156830     
   47.439789759159034     
   94.733978935915744     
   94.835979343917373     
   24.797699190796763     
   24.901699606798427     
   32.771731086924348     
   32.889731558926236     
   50.083800335201339     
   50.109800439201756     
   50.219800879203518     
   23.737694950779805     
   23.873695494781980     
   69.983879935519738     
   77.341909367637470     
   77.407909631638532     
   82.477929911719642     
   82.619930479721916     
   91.595966383865530     
   91.751967007868032     
   95.927983711934843     
   96.095984383937534     
   12.089648358593434     
   12.103648414593659     
   31.473725894903581     
   31.617726470905883     
   48.693794775179100     
   48.757795031180123     
   51.787807151228606     
   51.885807543230172     
   30.533722134888539     
   30.625722502890010     
   55.161820647282589     
   55.181820727282911     
   69.665878663514647     
   69.713878855515418     
   78.001912007648031     
   78.119912479649912     
   79.925919703678815     
   80.055920223680900     
   39.415757663030654     
   39.493757975031897     
   48.169792679170719     
   48.271793087172348     
  0.11760047040188161     
   1.1636046544186176     
   1.2536050144200577     
   5.6036224144896583     
   5.7356229424917702     
   15.271661086644347     
   15.357661430645722     
   40.177760711042843     
   40.247760991043961     
   45.071780287121150     
   45.127780511122047     
   69.337877351509405     
   69.421877687510744     
   95.775983103932418     
   95.925983703934818     
   11.265645062580250     
   11.285645142580570     
   19.141676566706266     
   19.187676750707002     
   55.857823431293724     
   55.907823631294526     
   26.489705958823837     
   26.587706350825403     
   31.829727318909274     
   31.915727662910651     
   68.213872855491417     
   68.257873031492124     
   29.083716334865340     
   29.117716470865883     
   66.433865735462945     
   66.549866199464802     
   70.091880367521469     
   70.255881023524097     
   21.739686958747836     
   21.895687582750330     
   77.261909047636195     
   77.329909319637281     
   99.415997663990652     
   99.459997839991360     
   8.1856327425309701     
   8.3556334225336908     
   46.769787079148315     
   46.859787439149756     
   59.535838143352571     
   59.675838703354813     
   92.841971367885478     
   93.017972071888281     
   98.527994111976454     
   98.637994551978210     
   1.0416041664166658     
   1.1876047504190017     
   43.733774935099738     
   43.847775391101564     
   56.751827007308030     
   56.887827551310203     
   9.5436381745526990     
   9.6836387345549380     
   64.451857807431225     
   64.599858399433600     
   69.105876423505691     
   69.287877151508610     
   74.809899239596959     
   74.931899727598903     
   87.271949087796358     
   87.323949295797178     
   90.787963151852608     
   90.893963575854301     
   99.617998471993886     
   99.747998991995971     
