   40.302350755876887     
   40.427351068377668     
   83.696209240523103     
   83.834959587398970     
  0.61850154625386566     
  0.72225180562951408     
   15.038537596343991     
   15.114787786969467     
   15.183537958844898     
   91.362478406196018     
   91.453728634321592     
   91.456228640571595     
   95.794989487473714     
   95.911239778099443     
   1.1647529118822797     
   11.406028515071288     
   11.514778786946968     
   51.364878412196028     
   51.451128627821568     
   57.304893262233158     
   57.426143565358913     
   59.782399455998643     
   59.942399855999639     
   2.7985069962674909     
   2.9010072525181312     
   5.5547638869097176     
   5.6722641806604512     
   46.032365080912705     
   46.163615409038520     
   91.886229715574288     
   91.996229990574975     
   9.2822732056830137     
   9.4635236588091463     
   26.399815999539999     
   26.544816362040905     
   78.456196140490349     
   78.533696334240830     
   14.686036715091788     
   14.738536846342116     
   18.399795999489999     
   18.444796111990279     
   22.177305443263609     
   22.299805749514373     
   64.249910624776561     
   64.306160765401913     
   68.318670796676997     
   68.367420918552298     
   44.881112202780507     
   44.926112315280790     
   82.773706934267338     
   82.847457118642794     
   85.374963437408596     
   85.496213740534358     
   15.787289468223671     
   15.908539771349428     
   15.567288918222296     
   15.686039215098038     
   16.519791299478250     
   16.666041665104164     
   39.362348405871018     
   39.432348580871455     
   60.126150315375789     
   60.311150777876946     
   68.087420218550548     
   68.108670271675678     
   14.084785211963030     
   14.154785386963468     
   57.851144627861572     
   57.969894924737311     
   63.789909474773687     
   63.878659696649244     
   63.879909699774252     
   66.972417431043581     
   67.117417793544490     
   72.054930137325343     
   72.154930387325962     
   10.976027440068600     
   11.086027715069287     
   13.866034665086662     
   13.912284780711952     
   34.782336955842389     
   34.858587146467869     
   59.054897637244096     
   59.167397918494800     
   28.919822299555747     
   28.937322343305858     
   35.988589971474930     
   36.051090127725317     
   96.882492206230509     
   96.956242390605979     
   39.582348955872391     
   39.743599358998395     
   23.624809062022656     
   23.681059202648008     
   24.093560233900586     
   24.264810662026655     
   58.187395468488674     
   58.338645846614618     
   78.697446743616865     
   78.839947099867743     
   92.057480143700360     
   92.198730496826244     
   32.326080815202040     
   32.504831262078156     
   86.846217115542785     
   86.969967424918565     
   16.927292318230794     
   17.061042652606631     
   43.842359605899013     
   43.869859674649184     
   71.984929962324912     
   72.139930349825875     
   83.458708646771612     
   83.578708946772366     
   71.109927774819440     
   71.226178065445168     
   47.524868812172031     
   47.698619246548120     
   62.008655021637551     
   62.174905437263590     
   73.042432606081519     
   73.133682834207079     
   91.982479956199896     
   92.148730371825934     
   57.894894737236847     
   57.988644971612430     
   25.474813687034217     
   25.507313768284419     
   37.359843399608501     
   37.444843612109032     
   57.158642896607240     
   57.298643246608115     
   76.257440643601612     
   76.431191077977701     
   18.954797386993466     
   19.016047540118851     
   31.607329018322545     
   31.697329243323107     
   43.479858699646748     
   43.596108990272477     
   61.312403281008201     
   61.461153652884136     
   82.037455093637732     
   82.171205428013565     
   97.478743696859240     
   97.581243953109876     
   99.901249753124389     
   99.943749859374648     
   7.2935182337955844     
   7.3447683619209050     
   7.4197685494213736     
   8.1885204713011781     
   8.3185207963019909     
   38.997347493368736     
   39.043597608994020     
   91.087477718694302     
   91.106227765569415     
   36.652341630854075     
   36.741091852729632     
   44.166110415276037     
   44.312360780901955     
   83.576208940522349     
   83.646209115522794     
   83.691209228023069     
   7.6810192025480060     
   7.7235193087982719     
   34.529836324590811     
   34.633586583966462     
   35.176087940219851     
   35.256088140220349     
   39.144847862119654     
   39.257348143370358     
   33.566083915209788     
   33.676084190210474     
   34.482336205840518     
   34.507336268340673     
   50.214875537188846     
   50.297375743439360     
   74.638686596716497     
   74.674936687341713     
   1.7372543431358578     
   1.8860047150117876     
   25.072312680781703     
   25.104812762031905     
   39.676099190247974     
   39.814849537123841     
   54.801137002842509     
   54.899887249718127     
   95.693739234348087     
   95.831239578098945     
   98.304995762489412     
   98.393745984364955     
   47.333618334045838     
   47.492368730921825     
   62.156155390388477     
   62.198655496638743     
   72.702431756079392     
   72.861182152955379     
   13.616034040085101     
   13.732284330710828     
   51.174877937194843     
   51.236128090320229     
   19.887299718249295     
   20.018550046375115     
   20.947302368255922     
   20.991052477631193     
   22.878557196392990     
   22.942307355768389     
   35.229838074595186     
   35.342338355845889     
   77.396193490483725     
   77.476193690484223     
   86.866217165542920     
   86.951217378043438     
   4.8535121337803346     
   4.9035122587806468     
   72.381180952952377     
   72.497431243578106     
   84.886212215530534     
   85.036212590531477     
   10.073525183812960     
   10.177275443188607     
   22.667306668266672     
   22.818557046392616     
   39.813599533998833     
   39.909849774624433     
   93.564983912459780     
   93.624984062460157     
   93.672484181210450     
   32.532331330828328     
   32.656081640204100     
   67.789919474798694     
   67.894919737299347     
   93.879984699961753     
   93.963734909337276     
   95.489988724971809     
   95.549988874972186     
   46.817367043417612     
   46.936117340293350     
   68.324920812302025     
   68.484921212303036     
   85.447463618659043     
   85.609964024910056     
  0.11225028062570157     
   56.831142077855198     
   57.003642509106271     
   60.298650746626869     
   60.458651146627865     
   70.782426956067397     
   70.797426993567484     
  0.12850032125080313     
   4.4885112212780536     
   4.6135115337788344     
   38.316095790239473     
   38.398595996489995     
   62.842407106017767     
   62.909907274768187     
   12.736031840079599     
   12.878532196330491     
   16.833542083855210     
   16.908542271355678     
   35.018587546468865     
   35.087337718344294     
   44.276110690276724     
   44.371110927777316     
   76.674941687354220     
   76.701191752979383     
   76.797441993604977     
   90.549976374940940     
   90.578726446816120     
   15.664789161972905     
   15.764789411973529     
   69.967424918562301     
   70.051175127937825     
   5.2647631619079052     
   5.3347633369083427     
   7.9235198087995222     
   7.9960199900499749     
   40.537351343378361     
   40.593601484003713     
   59.283648209120521     
   59.354898387245967     
   95.402488506221260     
   95.409988524971311     
   95.532488831222082     
   3.3035082587706470     
   3.4460086150215377     
   25.923564808912023     
   26.062315155787889     
   54.053635134087834     
   54.151135377838443     
   68.187420468551167     
   68.224920562301406     
   71.199927999820005     
   71.314928287320711     
   8.6372715931789834     
   8.6897717244293116     
   17.413543533858835     
   17.493543733859333     
   27.414818537046344     
   27.472318680796700     
   35.641089102722759     
   35.678589196472991     
   37.558593896484744     
   37.636094090235225     
   65.708664271660680     
   65.852414631036581     
   77.418693546733863     
   77.557443893609729     
   79.469948674871688     
   79.627449068622667     
   28.783571958929898     
   28.914822287055717     
   44.644861612154031     
   44.774861937154846     
   61.634904087260217     
   61.727404318510793     
   80.193700484251210     
   80.323700809252017     
  0.34350085875214686     
  0.45975114937787342     
   42.991107477768693     
   43.057357643394106     
   54.377385943464859     
   54.501136252840631     
   58.828647071617681     
   58.911147277868196     
   79.111197777994448     
   79.227448068620177     
   85.437463593658990     
   85.476213690534223     
   87.163717909294775     
   87.323718309295771     
   39.462348655871637     
   39.552348880872202     
   48.157370393425985     
   48.232370580926450     
   91.256228140570357     
   91.356228390570976     
   22.294805737014343     
   22.384805962014905     
   63.454908637271593     
   63.583658959147400     
   74.263685659214147     
   74.384935962339910     
   86.672466681166696     
   86.794966987417467     
   95.838739596848995     
   95.918739796849493     
   70.176175440438598     
   70.313675784189456     
   89.184972962432411     
   89.297473243683115     
   91.024977562443908     
   91.088727721819311     
   24.347310868277170     
   24.517311293278233     
   4.5410113525283817     
   4.7085117712794284     
   36.026090065225162     
   36.114840287100719     
   58.118645296613245     
   58.264895662239155     
   78.416196040490107     
   78.593696484241207     
   6.0447651119127794     
   6.1335153337883348     
   23.138557846394615     
   23.194807987019967     
   39.102347755869388     
   39.428598571496430     
   58.698646746616866     
   58.771146927867321     
   74.036185090462723     
   74.107435268588176     
   2.8597571493928733     
   2.8972572431431081     
   29.401073502683758     
   29.539823849559625     
   48.493621234053087     
   48.618621546553868     
   54.571136427841068     
   54.713636784091960     
   65.222413056032636     
   65.369913424783562     
   74.129935324838314     
   74.231185577963942     
   85.951214878037192     
   86.103715259288151     
   28.919822299555747     
   29.011072527681318     
   42.759856899642251     
   42.926107315268290     
   50.633626584066462     
   50.677376693441737     
   58.684896712241780     
   58.741146852867132     
   69.359923399808494     
   1.8172545431363578     
   1.9360048400120999     
   40.751101877754692     
   40.758601896504743     
   40.892352230880576     
   44.707361768404418     
   44.831112077780197     
   55.703639259098146     
   55.781139452848635     
  0.52975132437831096     
  0.68225170562926407     
   23.162307905769765     
   23.287308218270546     
   32.248580621451552     
   32.334830837077092     
   64.307410768526921     
   64.382410956027385     
   73.032432581081451     
   73.173682934207335     
   85.698714246785613     
   85.808714521786300     
   85.831214578036452     
   85.968714921787310     
   34.351085877714695     
   34.481086202715510     
   34.502336255840639     
   38.646096615241539     
   38.792346980867450     
   68.484921212303036     
   68.582421456053638     
  0.35475088687721718     
  0.48225120562801405     
   29.247323118307797     
   29.319823299558248     
   47.436118590296473     
   47.528618821547056     
   63.721159302898258     
   63.818659546648867     
   78.853697134242836     
   79.012447531118823     
   87.978719946799870     
   88.129970324925807     
   29.504823762059406     
   29.631074077685195     
   59.798649496623739     
   59.831149577873944     
   28.338570846427118     
   28.484821212053031     
   33.506083765209411     
   33.613584033960088     
   30.097325243313108     
   30.251075627689069     
   50.169875424688563     
   50.219875549688872     
   56.319890799726998     
   56.402391005977513     
   60.114900287250720     
   60.247400618501544     
   98.592496481241199     
   98.627496568741421     
   98.709996774991936     
   26.668566671416677     
   26.737316843292110     
   66.138665346663373     
   66.212415531038829     
   71.084927712319285     
   71.249928124820315     
   72.208680521701311     
   72.364930912327281     
   81.711204278010698     
   81.768704421761058     
   11.841029602574006     
   11.931029827574569     
   60.281150702876758     
   60.366150915377290     
   72.567431418578551     
   72.676181690454229     
   16.059790149475372     
   16.122290305725766     
   63.473658684146713     
   63.586158965397416     
   65.972414931037321     
   66.097415243538109     
   90.556226390565982     
   90.668726671816685     
   9.1260228150570377     
   9.2635231588078977     
   10.749776874442187     
   10.868527171317929     
   25.402313505783763     
   25.508563771409428     
   26.041065102662756     
   26.143565358913396     
   40.876102190255473     
   40.986102465256160     
   15.504788761971906     
   15.659789149472873     
   23.142307855769641     
   23.297308243270606     
   33.354833387083467     
   33.432333580833955     
   49.383623459058647     
   49.467373668434170     
   78.309945774864431     
   78.386195965489918     
   98.498746246865622     
   98.596246490616224     
  0.13350033375083437     
   19.028547571368929     
   19.181047952619881     
   75.729939324848317     
   75.807439518598798     
   84.778711946779865     
   84.939962349905869     
   12.288530721326802     
   12.331030827577068     
   92.913732284330706     
   93.066232665581666     
   70.694926737316848     
   70.789926974817433     
   82.422456056140135     
   82.498706246765622     
   3.0485076212690534     
   3.0872577181442953     
   5.6935142337855842     
   5.7785144462861160     
   38.256095640239103     
   38.292345730864326     
   58.456146140365348     
   58.592396480991205     
   76.846192115480292     
   76.938692346730861     
   92.114980287450720     
   92.299980749951871     
   28.516071290178225     
   28.681071702679258     
   51.136127840319602     
   51.283628209070521     
  0.11475028687571719     
   10.577276443191108     
   10.652276630691576     
   30.882327205818015     
   30.938577346443367     
   46.288615721539301     
   46.441116102790254     
   48.243620609051526     
   48.318620796551990     
   35.714839287098215     
   35.768589421473557     
   38.481096202740510     
   38.518596296490742     
   41.307353268383174     
   41.352353380883450     
   45.867364668411668     
   45.914864787161967     
   70.568676421691052     
   70.663676659191651     
   82.351205878014696     
   82.472456181140458     
   83.386208465521165     
   83.413708534271336     
   96.279990699976750     
   96.298740746851863     
   47.973619934049836     
   48.092370230925575     
   54.031135077837696     
   54.074885187212971     
   93.588733971834927     
   93.744984362460912     
   19.788549471373678     
   19.881049702624257     
   60.306150765376913     
   60.389900974752436     
   69.248673121682799     
   69.312423281058201     
   71.954929887324724     
   72.111180277950695     
   72.847432118580301     
   72.961182402956013     
   71.789929474823694     
   71.861179652949133     
   74.691186727966823     
   74.832437081092706     
   82.547456368640923     
   82.588706471766173     
   94.596236490591224     
   94.688736721841806     
   99.584998962497409     
   99.656249140622847     
   38.307345768364421     
   38.354845887114720     
   58.786146965367415     
   58.813647034117587     
   75.901189752974389     
   75.998689996724991     
   96.694991737479342     
   96.863742159355397     
   12.697281743204359     
   12.823532058830146     
   32.198580496451243     
   32.266080665201663     
   34.053585133962834     
   34.192335480838700     
   65.076162690406733     
   65.148662871657180     
   94.762486906217262     
   94.793736984342459     
   18.064795161987906     
   18.137295343238357     
   16.002290005725015     
   16.072290180725453     
   40.481101202753010     
   40.649851624629065     
   97.771244428111075     
   97.784994462486154     
   8.3222708056770145     
   8.3610209025522568     
   27.213568033920083     
   27.376068440171100     
   37.018592546481365     
   37.078592696481742     
   59.118647796619491     
   59.151147877869697     
   3.3785084462711157     
   3.5060087650219125     
   16.888542221355554     
   17.052292630731579     
   49.908624771561932     
   49.999874999687499     
   86.589966474916181     
   86.631216578041446     
   94.383735959339901     
   94.501236253090639     
  0.13850034625086563     
  0.22225055562638907     
   33.011082527706321     
   33.148582871457180     
   33.158582896457240     
   36.388590971477427     
   36.442341105852762     
   58.931147327868317     
   59.072397680994200     
   71.714929287323216     
   71.828679571698927     
   73.281183202958005     
   73.424933562333905     
   90.647476618691542     
   90.731226828067065     
   96.338740846852119     
   96.367490918727299     
   98.593746484366207     
   98.648746621866550     
  0.94975237438093596     
   1.0560026400066000     
   4.8535121337803346     
   4.9672624181560456     
   7.6947692369230927     
   7.7685194212985529     
   25.597313993284985     
   30.119825299563249     
   30.209825524563811     
   87.348718371795925     
   87.482468706171773     
   90.178725446813615     
   90.321225803064507     
   99.044997612494029     
   99.071247678119192     
   99.169997924994817     
  0.35350088375220939     
  0.45725114312785781     
   46.942367355918392     
   47.046117615294037     
   47.069867674669190     
   70.557426393565990     
   70.603676509191274     
   77.048692621731561     
   82.657456643641609     
   82.771206928017321     
   20.854802137005343     
   20.927302318255794     
   22.491056227640570     
   22.617306543266359     
   4.4747611869029669     
   4.5447613619034044     
   64.176160440401105     
   64.266160665401657     
   71.118677796694499     
   71.256178140445357     
  0.26975067437668593     
  0.35100087750219378     
  0.42350105875264688     
   51.621129052822631     
   51.771129427823567     
   97.447493618734043     
   97.517493793734488     
   57.739894349735877     
   57.837394593486486     
   95.043737609344021     
   95.138737846844620     
   95.151237878094690     
   26.556066390165974     
   26.698566746416866     
   97.071242678106699     
   97.224993062482653     
   99.228748071870186     
   99.389998474996190     
   30.159825399563498     
   30.292325730814326     
   44.682361705904263     
   44.841112102780258     
   2.0297550743876860     
   2.0772551931379830     
   31.649829124572811     
   31.738579346448365     
   72.536181340453354     
   72.687431718579290     
   15.554788886972217     
   15.671039177597944     
   62.973657434143583     
   63.092407731019328     
   7.4822687056717641     
   7.6347690869227174     
   47.991119977799947     
   48.154870387175968     
   54.451136127840321     
   54.561136402841008     
   86.968717421793556     
   87.047467618669046     
   27.276068190170477     
   27.369818424546061     
   45.548613871534677     
   45.671114177785448     
   75.858689646724116     
   76.021190052975129     
   81.903704759261899     
   82.002455006137509     
   51.618629046572615     
   51.743629359073395     
   10.872277180692953     
   10.916027290068225     
   54.342385855964643     
   54.398635996589988     
   85.988714971787431     
   86.092465231163075     
   4.1610104025260064     
   4.2585106462766156     
   68.188670471676176     
   68.244920612301527     
   82.896207240518095     
   82.934957337393342     
   3.6697591743979361     
   3.7172592931482327     
   33.271083177707943     
   33.299833249583124     
   7.4260185650464123     
   7.4985187462968659     
   20.802302005755013     
   20.912302280755704     
   54.834887087217716     
   54.921137302843256     
   70.759926899817245     
   70.833677084192715     
   20.142300355750891     
   20.278550696376740     
   36.497341243353105     
   36.612341530853826     
   58.456146140365348     
   58.586146465366163     
   26.672316680791702     
   26.741066852667132     
   28.949822374555936     
   29.006072515181287     
   75.227438068595177     
   75.377438443596105     
   85.058712646781615     
   85.128712821782059     
   8.6000215000537505E-002
   66.173665434163581     
   66.272415681039206     
   26.493566233915583     
   26.551066377665943     
   27.778569446423617     
   27.813569533923836     
   46.477366193415484     
   46.616116540291351     
   68.324920812302025     
   68.401171002927512     
   89.523723809309530     
   89.658724146810371     
   62.482406206015519     
   62.522406306015768     
   17.409793524483810     
   17.506043765109414     
   48.818622046555113     
   48.901122252805635     
   59.952399880999700     
   60.077400193500480     
   94.412486031215082     
   94.551236378090948     
   12.482281205703014     
   12.514781286953218     
   31.992329980824952     
   32.033580083950213     
   52.254880637201595     
   52.309880774701938     
   68.211170527926313     
   68.371170927927324     
  0.15350038375095937     
   67.557418893547236     
   67.592418981047459     
   70.384925962314909     
   70.497426243565613     
   3.0160075400188502     
   3.1060077650194127     
   3.1072577681444202     
   3.2347580868952170     
   72.511181277953199     
   72.609931524828809     
   26.547316368290922     
   26.576066440166102     
   52.851132127830319     
   52.972382430956074     
   56.228640571601431     
   56.388640971602427     
   60.653651634129083     
   60.726151815379538     
   40.594851487128714     
   40.677351693379237     
   14.693536733841835     
   20.283550708876771     
   20.386050965127414     
   77.314943287358219     
   77.503693759234395     
   77.894944737361840     
   78.034945087362715     
   88.821222053055138     
   88.978722446806117     
   39.432348580871455     
   39.483598708996773     
   40.328600821502057     
   40.469851174627934     
   57.509893774734437     
   57.603644009110020     
   62.789906974767440     
   62.868657171642930     
   76.619941549853877     
   76.756191890479727     
   77.211193027982574     
   77.308693271733176     
   81.518703796759496     
   81.686204215510543     
   86.853717134292836     
   86.993717484293711     
   31.144827862069654     
   31.184827962069907     
   36.911092277730695     
   36.982342455856141     
   38.276095690239224     
   38.361095902739756     
   47.453618634046585     
   47.599868999672502     
   81.819954549886376     
   81.932454831137079     
   35.716089290223223     
   35.879839699599252     
   83.351208378020942     
   83.426208565521421     
   99.693749234373087     
   99.759999399998506     
   37.591093977734943     
   37.726094315235791     
   42.014855037137593     
   42.137355343388357     
   67.446168615421541     
   67.539918849797118     
   78.688696721741806     
   78.734946837367090     
   19.676049190122974     
   19.851049627624068     
   48.176120440301098     
   48.319870799676998     
   19.991049977624943     
   20.097300243250608     
   71.564928912322287     
   71.671179177947948     
   11.642279105697764     
   34.864837162092904     
   34.981087452718633     
   35.022337555843890     
   38.694846737116841     
   38.854847137117844     
   68.556171390428474     
   68.741171852929639     
   78.871197177992940     
   78.956197390493472     
   2.4472561181402952     
   2.5147562868907172     
   5.5060137650344130     
   5.5885139712849279     
   61.449903624759060     
   61.539903849759625     
   67.403668509171268     
   67.472418681046705     
   72.794931987329974     
   72.944932362330903     
   80.522451306128261     
   80.681201703004263     
   70.184925462313657     
   70.246175615439043     
   52.391130977827444     
   52.524881312203277     
   69.261173152932884     
   69.419923549808871     
   98.127495318738298     
   98.203745509363770     
   59.927399818499545     
   60.072400181000454     
   76.319940799852006     
   76.394940987352470     
  0.13725034312585782     
   29.734824337060843     
   29.809824524561311     
   30.391075977689944     
   30.427326068315171     
   44.896112240280601     
   45.049862624656562     
   62.839907099767750     
   62.953657384143462     
   90.699976749941868     
   90.751226878067200     
   14.552286380715952     
   14.681036702591756     
   37.309843274608184     
   37.451093627734068     
   99.639999099997752     
   99.663749159372898     
   4.0622601556503888     
   4.1510103775259442     
   70.919927299818255     
   71.092427731069321     
   7.8500196250490623E-002
   44.364860912152281     
   44.462361155902890     
   93.707484268710672     
   93.846234615586539     
   6.7272668181670454     
   6.8585171462928658     
   39.282348205870512     
   39.376098440246103     
   49.637374093435234     
   49.738624346560869     
   5.4272635681589207     
   5.4947637369093423     
   7.5097687744219357     
   7.6185190462976156     
   29.097322743306858     
   29.163572908932274     
   90.859977149942878     
   90.992477481193703     
   91.651229128072814     
   91.747479368698421     
   35.377338443346112     
   35.517338793346987     
   59.617399043497606     
   59.727399318498293     
   62.588656471641180     
   62.741156852892132     
   98.513746284365709     
   98.657496643741609     
   71.621179052947639     
   71.682429206073010     
   18.739796849492123     
   18.888547221368054     
   26.872317180792951     
   27.007317518293796     
   73.384933462333649     
   73.433683584208964     
   84.384960962402403     
   84.494961237403089     
   28.394820987052469     
   28.489821224553062     
   43.316108290270726     
   43.438608596521490     
   99.191247978119947     
   99.348748371870926     
   12.663531658829147     
   12.829782074455187     
   13.969784924462312     
   14.083535208838022     
   29.924824812062031     
   32.043580108950273     
   32.141080352700882     
   53.022382555956391     
   53.104882762206906     
   1.2697531743829360     
   1.3922534806337017     
   31.777329443323609     
   31.884829712074279     
   72.413681034202583     
   72.484931212328036     
   22.736056840142101     
   22.881057202643007     
   62.971157427893573     
   63.019907549768874     
   6.2060155150387875     
   6.2460156150390373     
   45.814864537161341     
   45.907364768411924     
   58.529896324740811     
   58.634896587241471     
   61.759904399760998     
   61.913654784136959     
   16.462291155727890     
   16.571041427603568     
   89.793724484311213     
   89.891224728061815     
   31.837329593323982     
   75.438688596721491     
   75.563688909222279     
   94.996237490593728     
   95.133737834344586     
   20.087300218250547     
   58.931147327868317     
   59.044897612244029     
   77.899944749861874     
   78.008695021737552     
   88.631221578053939     
   88.756221890554727     
   18.057295143237859     
   18.228545571363927     
   20.797301993254983     
   20.854802137005343     
   79.501198752996885     
   79.553698884247211     
   91.242478106195264     
   91.266228165570411     
   91.347478368695917     
   28.923572308930773     
   28.972322430806077     
   56.562391405978516     
   56.667391668479169     
   85.699964249910622     
   85.814964537411342     
   18.944797361993405     
   19.018547546368865     
   69.601174002935011     
   69.609924024810056     
