   4.8301207530188250     
   4.8901222530563260     
   9.2802320058001442     
   9.3777344433610832     
   74.119352983824598     
   74.224355608890221     
   2.6925673141828548     
   2.7550688767219182     
   22.218055451386284     
   22.273056826420660     
   22.290557263931600     
   67.839195979899500     
   67.944198604965123     
   43.563589089727245     
   43.706092652316308     
   68.144203605090127     
   68.241706042651060     
   11.315282882072053     
   11.422785569639242     
   19.085477136928422     
   19.152978824470612     
   32.205805145128629     
   32.228305707642690     
   46.436160904022600     
   46.538663466586662     
   46.563664091602291     
   61.541538538463463     
   61.679041976049405     
   72.239305982649569     
   72.321808045201124     
   48.353708842721069     
   48.531213280332011     
   51.296282407060176     
   51.391284782119556     
  0.48501212530313259     
  0.64501612540313513     
   2.3400585014625364     
   2.4100602515062874     
   21.658041451036276     
   21.795544888622217     
   37.373434335858398     
   37.515937898447461     
   56.616415410385258     
   56.731418285457138     
   67.226680667016680     
   67.361684042101047     
   88.669716742918567     
   88.749718742968568     
   3.5475886897172431     
   80.732018300457511     
   80.892022300557514     
   3.3300832520813022     
   3.3350833770844273     
   3.5000875021875548     
   28.258206455161378     
   28.300707517687943     
   67.811695292382311     
   67.871696792419812     
   86.389659741493531     
   86.532163304082601     
   87.194679866996680     
   87.244681117027923     
   91.099777494437362     
   91.237280932023296     
   12.372809320233007     
   12.495312382809571     
   76.629415735393380     
   76.721918047951192     
   76.734418360459017     
   82.417060426510659     
   82.467061676541917     
   68.561714042851065     
   68.669216730418256     
   46.766169154228855     
   46.873671841796046     
   26.725668141703544     
   26.803170079251981     
   42.971074276856925     
   43.126078151953799     
   73.161829045726137     
   73.286832170804274     
   15.430385759643992     
   15.522888072201805     
   1.8375459386484663     
   1.9425485637140929     
   29.355733893347335     
   29.393234830870771     
   33.245831145778645     
   33.383334583364586     
   88.364709117727941     
   88.447211180279510     
   50.908772719317980     
   51.056276406910172     
   55.648891222280554     
   55.788894722368056     
   62.986574664366607     
   63.071576789419737     
   68.659216480412013     
   68.811720293007326     
   84.917122928073198     
   84.997124928123199     
   94.677366934173349     
   94.757368934223351     
   7.0926773169329236     
   7.2026800670016753     
   28.028200705017625     
   28.088202205055126     
   39.723493087327185     
   39.908497712442809     
   24.955623890597266     
   25.055626390659768     
   32.533313332833323     
   32.658316457911447     
   88.564714117852944     
   88.702217555438892     
   91.682292057301439     
   91.814795369884251     
   11.940298507462687     
   12.097802445061127     
   16.495412385309631     
   16.627915697892448     
   51.066276656916422     
   51.148778719467984     
   76.714417860446517     
   76.879421985549641     
   84.637115927898193     
   84.772119302982574     
   14.592864821620541     
   14.687867196679917     
   34.035850896272407     
   34.085852146303658     
   40.351008775219384     
   40.468511712792818     
   46.436160904022600     
   46.608665216630413     
   58.018950473761841     
   58.106452661316531     
   64.514112852821327     
   64.556613915347882     
   8.9277231930798262     
   9.0377259431485779     
   28.463211580289506     
   28.530713267831697     
   40.118502962574063     
   40.218505462636564     
   51.516287907197679     
   51.631290782269559     
   51.638790969774242     
   67.089177229430732     
   67.126678166954179     
   87.817195429885743     
   87.979699492487313     
   20.130503262581566     
   20.160504012600317     
   80.872021800545014     
   80.922023050576271     
   83.424585614640364     
   83.517087927198176     
   83.582089552238813     
   20.275506887672194     
   20.398009950248756     
   29.200730018250457     
   29.280732018300458     
   61.571539288482214     
   61.714042851071277     
   50.936273406835170     
   50.958773969349231     
   59.816495412385308     
   59.956498912472810     
   96.929923248081195     
   97.004925123128075     
   7.1301782544563617     
   7.1601790044751121     
   15.142878571964300     
   15.257881447036176     
   45.021125528138207     
   45.071126778169457     
   71.061776544413604     
   71.181779544488606     
   72.299307482687070     
   72.391809795244882     
   22.468061701542538     
   22.625565639140980     
   66.339158478961977     
   66.494162354058858     
   71.276781919547986     
   71.379284482112055     
   15.502887572189305     
   15.630390759768995     
   24.990624765619142     
   28.515712892822322     
   28.648216205405134     
   94.084852121303030     
   94.149853746343652     
   2.3675591889797243     
   2.4750618765469135     
   8.5377134428360701     
   8.6577164429110720     
   50.326258156453910     
   50.356258906472661     
   5.1126278156953928     
   5.1401285032125807     
   24.703117577939448     
   24.885622140553515     
   25.835645891147280     
   25.990649766244157     
   41.198529963249079     
   41.308532713317831     
   63.486587164679115     
   63.554088852221305     
   63.801595039875998     
   63.859096477411939     
   73.089327233180825     
   73.151828795719894     
   4.4001100027500684     
   4.4551113777844442     
   48.148703717592937     
   48.296207405185129     
   54.231355783894600     
   54.316357908947722     
   70.721768044201099     
   70.796769919247978     
   77.429435735893392     
   77.536938423460583     
   31.328283207080176     
   31.355783894597366     
   31.458286457161428     
   34.883372084302110     
   35.003375084377112     
   61.351533788344710     
   15.170379259481487     
   15.270381759543989     
   38.628465711642789     
   38.675966899172479     
   38.760969024225602     
   74.331858296457412     
   74.371859296482413     
   76.391909797744944     
   78.539463486587167     
   78.591964799119978     
   87.714692867321688     
   87.899697492437312     
   20.213005325133128     
   20.308007700192505     
   38.258456461411534     
   38.330958273956846     
   51.016275406885171     
   51.158778969474234     
   54.136353408835220     
   54.273856846421161     
   76.404410110252755     
   76.534413360334014     
   83.414585364634121     
   83.457086427160675     
   12.650316257906448     
   12.740318507962700     
   86.167154178854474     
   86.259656491412287     
   17.705442636065900     
   17.712942823570589     
   17.835445886147152     
   43.951098777469440     
   44.053601340033502     
   45.191129778244459     
   45.253631340783521     
  0.70751768794219860     
  0.81002025050626270     
   61.851546288657218     
   61.981549538738470     
   4.9151228780719514     
   4.9851246281157024     
   10.862771569289233     
   11.012775319382985     
   19.527988199704993     
   19.702992574814370     
   31.780794519862997     
   31.848296207405184     
   46.188654716367907     
   62.109052726318161     
   62.211555288882224     
   21.790544763619092     
   21.883047076176904     
   40.653516337908449     
   40.796019900497512     
   48.746218655466386     
   48.896222405560138     
   49.106227655691391     
   49.196229905747643     
   81.782044551113785     
   81.927048176204408     
   29.178229455736393     
   29.285732143303584     
   10.677766944173605     
   10.835270881772045     
   4.6976174404360105     
   4.7626190654766365     
   36.468411710292756     
   36.548413710342757     
   45.551138778469465     
   45.671141778544467     
   4.3151078776969420     
   4.3526088152203801     
   17.987949698742469     
   18.072951823795595     
   24.048101202530063     
   24.160604015100379     
   41.366034150853771     
   41.448536213405333     
   73.184329608240205     
   73.309332733318328     
   22.708067701692542     
   29.533238330958273     
   29.558238955973898     
   29.665741643541089     
   29.795744893622341     
   29.893247331183279     
   80.604515112877820     
   80.724518112952822     
   88.199704992624817     
   88.314707867696697     
   98.789969749243724     
   98.927473186829673     
   6.3201580039500991     
   6.4201605040126006     
   27.973199329983249     
   28.023200580014500     
   36.780919522988071     
   36.928423210580263     
   10.847771194279858     
   10.910272756818921     
   20.665516637915950     
   20.768019200480012     
   27.940698517462938     
   28.075701892547315     
   90.492262306557663     
   90.584764619115475     
  0.11500287507187680     
   14.127853196329909     
   14.205355133878347     
   46.393659841496039     
   96.584914622865568     
   96.707417685442138     
   99.889997249931241     
   39.645991149778745     
   39.733493337333435     
   45.328633215830394     
   45.386134653366334     
   45.491137278431964     
   8.3802095052376302     
   8.5202130053251324     
   29.250731268281708     
   29.315732893322334     
   86.254656366409165     
   86.317157928948220     
   20.310507762694069     
   20.438010950273757     
   30.370759268981725     
   30.515762894072353     
   37.625940648516213     
   37.690942273556836     
   93.539838495962400     
   93.609840246006144     
   23.275581889547240     
   23.338083452086302     
   83.267081677041929     
   83.392084802120053     
   70.874271856796426     
   70.979274481862049     
   80.819520488012202     
   80.884522113052824     
   16.510412760319007     
   16.670416760419009     
   49.761244031100780     
   49.853746343658592     
   68.864221605540138     
   68.936723418085450     
   68.946723668091707     
   15.847896197404935     
   15.937898447461187     
   15.965399134978375     
   68.749218730468257     
   68.869221730543259     
   81.252031300782519     
   81.382034550863779     
   48.713717842946075     
   48.836220905522637     
   50.163754093852347     
   50.248756218905470     
   58.358958973974346     
   58.478961974049348     
   77.401935048376203     
   77.479436985924650     
   6.6101652541313536     
   6.7326683167079180     
   18.660466511662790     
   18.752968824220606     
   24.078101952548813     
   24.230605765144130     
   69.809245231130774     
   69.879246981174532     
   75.371884297107428     
   75.669391734793365     
   57.813945348633716     
   57.953948848721218     
   71.936798419960496     
   72.069301732543309     
   93.614840371009279     
   93.779844496112403     
   99.169979249481230     
   99.299982499562489     
   44.518612965324131     
   44.601115027875700     
   50.966274156853920     
   51.076276906922672     
   15.782894572364309     
   15.947898697467437     
   23.808095202380059     
   23.885597139928500     
   56.538913472836818     
   56.596414910372758     
   57.431435785894649     
   57.601440036000902     
   41.941048526213159     
   42.076051901297532     
   51.848796219905495     
   51.918797969949246     
   66.604165104127603     
   66.649166229155725     
   79.436985924648113     
   79.549488737218425     
   51.306282657066426     
   51.358783969599237     
   1.1400285007125177     
   1.2250306257656440     
   3.7800945023625592     
   3.8100952523813096     
   12.450311257781445     
   12.540313507837697     
   14.677866946673667     
   14.775369384234606     
   60.064001600040001     
   60.151503787594692     
   92.252306307657690     
   92.289807245181123     
   40.261006525163133     
   40.331008275206884     
   40.383509587739695     
   59.751493787344685     
   59.878996974924370     
   71.701792544813614     
   71.786794669866751     
   71.801795044876116     
   10.755268881722044     
   10.892772319307984     
   69.304232605815145     
   69.404235105877646     
   91.932298307457685     
   92.089802245056120     
   41.891047276181908     
   41.941048526213159     
   13.535338383459587     
   13.660341508537714     
   5.3001325033125832     
   5.4451361284032105     
   10.867771694292358     
   10.942773569339234     
   33.330833270831768     
   65.606640166004155     
   65.711642791069778     
   81.754543863596595     
   81.882047051176286     
   81.887047176179408     
   35.955898897472437     
   36.068401710042750     
   58.423960599014976     
   58.546463661591538     
  0.12000300007500188     
   32.410810270256754     
   32.455811395284883     
   49.188729718242953     
   49.338733468336706     
   53.271331783294585     
   53.318832970824268     
   69.189229730743264     
   69.216730418260454     
   84.914622865571644     
   84.992124803120078     
   8.2602065051626283     
   8.4302107552688810     
   13.350333758343959     
   13.472836820920524     
   22.225555638890974     
   22.380559513987851     
   69.321733043326077     
   69.486737168429215     
   99.469986749668735     
   99.572489312232804     
   12.137803445086128     
   12.257806445161130     
   32.838320958023949     
   32.980824520613012     
   53.331333283332086     
   53.466336658416459     
   99.522488062201560     
   99.634990874771873     
   20.735518387959701     
   20.850521263031577     
   31.323283082077051     
   31.438285957148928     
   40.828520713017824     
   40.913522838070953     
   49.276231905797644     
   49.411235280882025     
   59.786494662366557     
   59.908997724943120     
   95.674891872296811     
   95.814895372384314     
   4.8701217530438257     
   5.0201255031375789     
   10.420260506512664     
   10.530263256581415     
   19.715492887322181     
   19.770494262356557     
   19.837995949898747     
   62.589064726618169     
   62.634065851646291     
   66.719167979199483     
   66.844171104277606     
   25.018125453136328     
   25.170629265731645     
   41.681042026050655     
   41.743543588589716     
   60.806520163004073     
   60.849021225530642     
   71.909297732443306     
   71.984299607490186     
   25.398134953373834     
   25.498137453436335     
   40.273506837670944     
   40.381009525238134     
   45.146128653216330     
   45.253631340783521     
   98.712467811695291     
   98.849971249281225     
   62.054051351283782     
   62.174054351358784     
   65.509137728443207     
   65.586639665991655     
   67.219180479511991     
   67.301682542063546     
   5.1326283157078931     
   5.3051326283157083     
   5.8176454411360288     
   5.9276481912047805     
   95.699892497312433     
   95.817395434885867     
   33.958348958723967     
   34.070851771294279     
   95.852396309907746     
   96.034900872521817     
   75.361884047101171     
   75.436885922148051     
   89.237230930773265     
   89.297232430810766     
   91.869796744918617     
   91.937298432460807     
   92.917322933073322     
   92.969824245606134     
   3.2500812520313005E-002
   13.910347758693968     
   58.156453911347782     
   58.318957973949345     
   72.966824170604269     
   73.031825795644892     
   73.119327983199582     
   76.901922548063695     
   76.966924173104331     
   70.554263856596421     
   70.724268106702667     
   22.950573764344110     
   23.043076076901922     
   47.096177404435110     
   47.231180779519491     
   59.773994349858746     
   59.928998224955620     
   60.019000475011879     
   60.049001225030629     
   89.529738243456080     
   89.647241181029528     
   94.399859996499913     
   94.572364309107726     
   5.2426310657766448     
   35.703392584814623     
   35.808395209880246     
   74.441861046526157     
   74.589364734118348     
   68.549213730343254     
   68.624215605390134     
   74.734368359208986     
   74.906872671816799     
   92.817320433010821     
   92.849821245531132     
   2.5325633140828523     
   2.6900672516812922     
   9.5027375684392101     
   9.6052401310032742     
   15.775394384859622     
   17.840446011150277     
   17.907947698692467     
   17.932948323708093     
   20.998024950623766     
   21.043026075651891     
   47.111177779444489     
   47.228680717017923     
   10.687767194179855     
   10.855271381784545     
   35.938398459961498     
   36.118402960074000     
   58.446461161529037     
   58.491462286557166     
   76.569414235355879     
   76.611915297882447     
   87.162179054476368     
   87.284682117052924     
   83.969599239980994     
   84.002100052501319     
   1.2575314382859573     
   1.3725343133578340     
   98.334958373959353     
   98.344958623965596     
   99.424985624640613     
   99.464986624665613     
  0.35750893772344311     
  0.39250981274531865     
   47.238680967024173     
   47.303682592064803     
   53.293832345808646     
   53.356333908347708     
   55.028875721893044     
   55.128878221955546     
   88.854721368034205     
   88.994724868121708     
   90.157253931348279     
   90.199754993874848     
   3.8450961274031852     
   3.9025975649391236     
   15.575389384734619     
   15.600390009750244     
   73.101827545688636     
   73.116827920698015     
   74.751868796719918     
   74.844371109277731     
   86.789669741743538     
   86.924673116827918     
   89.462236555913904     
   89.472236805920147     
   4.2501062526563167E-002
   8.4727118177954441     
   8.5602140053501330     
   9.4202355058876464     
   9.5352383809595231     
   51.468786719667989     
   51.631290782269559     
   32.518312957823944     
   32.563314082852074     
   73.311832795819896     
   73.429335733393330     
   8.0852021300532506     
   8.2052051301282525     
   34.543363584089605     
   34.555863896597415     
   39.465986649666242     
   39.560989024725615     
   53.241331033275834     
   53.361334033350836     
   64.549113727843192     
   64.629115727893193     
   9.0427260681517030     
   9.1152278806970166     
   22.893072326808170     
   22.925573139328485     
   35.383384584614618     
   35.448386209655240     
   72.106802670066756     
   72.199304982624568     
   24.058101452536313     
   24.198104952623815     
   71.484287107177678     
   71.556788919722990     
   78.266956673916852     
   78.311957798944974     
   65.716642916072900     
   65.741643541088521     
   60.881522038050953     
   60.939023475586893     
   75.286882172054305     
   35.055876396909923     
   55.561389034725870     
   55.631390784769621     
   2.9150728768219207     
   3.0600765019125480     
   9.5602390059751485     
   9.6277406935173371     
   82.492062301557539     
   82.587064676616919     
   1.5300382509562740     
   1.5575389384734619     
   14.890372259306483     
   14.925373134328359     
   23.335583389584741     
   23.405585139628492     
   1.1700292507312682     
   1.2850321258031452     
   90.234755868896727     
   90.369759243981093     
   14.005350133753344     
   14.127853196329909     
   63.096577414435359     
   63.166579164479110     
   1.5225380634515864     
   1.6525413135328384     
   31.965799144978625     
   32.010800270006747     
   32.870821770544261     
   33.028325708142702     
   42.976074401860046     
   43.106077651941298     
   55.701392534813372     
   55.826395659891496     
   62.836570914272855     
   62.889072226805673     
   55.738893472336805     
   55.748893722343055     
   91.144778619465484     
   7.2501812545313626E-002
   47.261181529538241     
   47.313682842071053     
   58.558963974099349     
   58.596464911622789     
   58.711467786694669     
   66.626665666641671     
   66.791669791744795     
   1.0450261256531412     
   1.1300282507062676     
   17.702942573564339     
   60.406510162754067     
   60.444011100277507     
   68.254206355158885     
   68.316707917697940     
   72.361809045226124     
   72.376809420235503     
   1.4575364384109604     
   1.4950373759343984     
   34.133353333833348     
   34.200855021375531     
   85.097127428185701     
   85.264631615790393     
   21.988049701242531     
   22.123053076326908     
   18.955473886847169     
   19.045476136903421     
   27.043176079401984     
   27.165679141978551     
   50.526263156578914     
   50.646266156653915     
   92.349808745218624     
   92.444811120278004     
   5.2601315032875826     
   5.2851321283032080     
   60.236505912647814     
   60.371509287732195     
   80.589514737868441     
   80.737018425460633     
   97.334933373334337     
   97.427435685892149     
   22.210555263881599     
   22.340558513962851     
   43.411085277131932     
   43.501087527188183     
   43.516087902197555     
   96.387409685242133     
   96.472411810295256     
   12.167804195104878     
   12.232805820145504     
   59.398984974624362     
   59.451486287157181     
   15.830395759893998     
   15.880397009925248     
   40.931023275581893     
   41.026025650641266     
   15.720393009825246     
   15.875396884922123     
   60.211505287632193     
   60.284007100177504     
   90.394759868996729     
   90.544763619090475     
   84.962124053101334     
   85.024625615640389     
   19.570489262231554     
   19.657991449786245     
   22.250556263906599     
   47.778694467361682     
   47.861196529913251     
   11.740293507337684     
   11.867796694917374     
   40.766019150478762     
   40.823520588014702     
   40.921023025575643     
   50.498762469061724     
   50.603765094127354     
   76.951923798094953     
   77.109427735693387     
   80.792019800495012     
   80.957023925598136     
   86.037150928773215     
   86.182154553863853     
   96.234905872646820     
   96.327408185204632     
   4.3626090652266303     
   4.5376134403360080     
   19.477986949673742     
   19.572989324733118     
   62.564064101602540     
   62.686567164179102     
   70.679266981674544     
   70.751768794219856     
   14.550363759093978     
   14.645366134153354     
   43.243581089527240     
   48.283707092677318     
   48.376209405235130     
   83.312082802070051     
   83.409585239630985     
   84.074601865046631     
   84.157103927598186     
   90.332258306457661     
   90.382259556488918     
   12.555313882847072     
   12.587814695367385     
   24.783119577989449     
   24.908122703067576     
   53.143828595714893     
   53.226330658266455     
   75.446886172154308     
   75.496887422185551     
   75.599389984749621     
   25.993149828745718     
   26.148153703842596     
   32.393309832745821     
   32.448311207780193     
   67.296682417060424     
   67.339183479586993     
   86.502162554063858     
   86.649666241656035     
   20.320508012700319     
   20.633015825395635     
   64.781619540488506     
   64.891622290557265     
   72.291807295182380     
   72.464311607790194     
   41.033525838145955     
   41.116027900697517     
   42.626065651641291     
   42.738568464211603     
   60.221505537638443     
   60.346508662716566     
   60.371509287732195     
   10.282757068926724     
   10.352758818970475     
   50.663766594164855     
   50.783769594239857     
   59.626490662266555     
   59.688992224805617     
   2.2025550638765967     
   2.3050576264406608     
   8.5427135678391952     
   8.6102152553813838     
   8.6152153803845088     
   53.388834720868019     
   53.526338158453960     
   99.029975749393728     
   99.182479561989055     
   5.9901497537438440     
   6.1376534413360337     
   9.6377409435235872     
   9.7302432560814012     
   16.122903072576815     
   16.225405635140877     
   29.243231080777019     
   29.395734893372335     
   54.726368159203979     
   54.811370284257109     
   59.256481412035299     
   59.358983974599361     
   88.302207555188886     
   88.379709492737319     
   47.038675966899170     
   47.106177654441360     
   58.971474286857173     
   59.078976974424357     
   11.875296882422061     
   11.957798944973625     
   88.099702492562315     
   88.129703242581058     
  0.54751368784219601     
  0.71001775044376114     
   18.305457636440909     
   18.420460511512786     
   40.768519212980323     
   40.803520088002202     
   48.978724468111700     
   49.113727843196081     
   87.757193929848242     
   87.904697617440434     
   6.2501562539063471E-002
   13.387834695867397     
   13.542838570964275     
   24.928123203080077     
   25.033125828145703     
   93.104827620690514     
   93.194829870746773     
   1.4700367509187731     
   1.5000375009375235     
   42.441061026525666     
   48.033700842521064     
   48.201205030125756     
   11.852796319907998     
   11.935298382459562     
   30.578264456611414     
   30.713267831695791     
   30.783269581739543     
   32.743318582964577     
   32.855821395534889     
   37.235930898272457     
   37.345933648341209     
   61.464036600915023     
   61.554038850971274     
   89.852246306157653     
   89.989749743743587     
   8.7127178179454479     
   8.8652216305407627     
   13.212830320758020     
   13.262831570789270     
   52.026300657516437     
   52.113802845071127     
   55.268881722043048     
   55.296382409560238     
   75.261881547038669     
   75.401885047126171     
   82.047051176279410     
   82.149553738843466     
   58.691467286682169     
   58.761469036725920     
   88.642216055401391     
   88.709717742943567     
   93.829845746143647     
   93.962349058726474     
   10.095252381309534     
   10.125253131328284     
   12.235305882647067     
   12.352808820220506     
   78.371959298982475     
   78.521963049076220     
   6.1126528163204084     
   6.2326558163954102     
   28.493212330308257     
   28.613215330383259     
   77.891947298682467     
   78.009450236255901     
  0.67751693792344814     
  0.79501987549688746     
   11.275281882047052     
   11.367784194604866     
   66.011650291257283     
   66.064151603790094     
   3.6850921273031827     
   3.7425935648391211     
   65.261631540788514     
   65.424135603390084     
   76.119402985074629     
   76.254406360159010     
   93.439835995899898     
   93.577339433485832     
   51.693792344808621     
   51.828795719892994     
   61.759043976099406     
   61.916547913697840     
   86.639665991649792     
   86.709667741693536     
   10.340258506462662     
   10.490262256556415     
   33.380834520863019     
   33.483337083427088     
   33.715842896072402     
   33.785844646116153     
   2.8500712517812947     
   2.8875721893047328     
   57.018925473136825     
   57.078926973174326     
   74.594364859121484     
   74.699367484187107     
   74.739368484212108     
   24.308107702692567     
   24.383109577739443     
   49.853746343658592     
   49.928748218705465     
   93.242331058276463     
   16.457911447786195     
   16.507912697817446     
   31.425785644641117     
   31.595789894747369     
   68.174204355108884     
   68.266706667666696     
   7.5551888797219933     
   7.6151903797594942     
   21.123028075701892     
   21.290532263306584     
   16.382909572739319     
   16.502912572814321     
   84.077101927548185     
   84.132103302582564     
   25.215630390759770     
   25.275631890797271     
   32.355808895222381     
   32.535813395334884     
   79.284482112052800     
   79.361984049601233     
   81.839545988649718     
   81.954548863721598     
   85.632140803520088     
   85.709642741068521     
   86.179654491362285     
   86.277156928923219     
   19.705492637315931     
   19.800495012375308     
   76.934423360584020     
   77.081927048176198     
   82.669566739168474     
   82.752068801720043     
   96.922423060576520     
   96.944923623090574     
   73.514337858446467     
   73.549338733468332     
   1.6025400635015876     
   1.7175429385734644     
   63.569089227230684     
   63.611590289757245     
   67.349183729593236     
   67.509187729693238     
   88.907222680567017     
   89.024725618140451     
   96.372409310232754     
   96.419910497762444     
   11.545288632215806     
   11.600290007250182     
   11.657791444786120     
   33.088327208180203     
   33.243331083277084     
   51.301282532063304     
   51.418785469636738     
   76.474411860296513     
   76.659416485412137     
   92.369809245231124     
   92.534813370334263     
   97.637440936023395     
   97.822445561139034     
   2.8825720643016077     
   79.769494237355929     
   79.891997299932498     
   2.9100727518187957     
   2.9225730643266083     
   77.161929048226199     
   77.279431985799647     
   1.2875321883047077     
   1.3625340633515839     
   10.020250506262657     
   10.117752943823596     
   59.248981224530610     
   59.388984724618112     
   76.736918422960571     
   76.866921673041830     
   74.531863296582415     
   89.584739618490460     
   89.702242556063908     
   26.865671641791046     
   26.925673141828547     
   60.426510662766567     
   60.571514287857198     
   49.713742843571090     
   49.873746843671093     
   93.567339183479589     
   93.642341058526469     
   45.156128903222580     
   45.296132403310082     
   59.683992099802495     
   59.716492912322806     
   71.014275356883928     
   71.046776169404239     
   18.192954823870597     
   18.310457761444034     
   18.342958573964349     
   55.011375284382112     
   55.086377159428984     
   10.407760194004851     
   10.550263756593916     
   46.881172029300735     
   46.988674716867919     
   74.056851421285529     
   74.094352358808976     
   43.136078401960049     
   43.296082402060051     
   50.583764594114854     
   50.628765719142976     
  0.14750368759218979     
   96.479911997799945     
   96.592414810370258     
   10.632765819145479     
   10.697767444186105     
   26.365659141478538     
   26.510662766569165     
   26.615665391634792     
   26.748168704217605     
   85.809645241131022     
   85.892147303682592     
   29.438235955898897     
   29.560739018475463     
   55.743893597339934     
   55.856396409910246     
   82.784569614240354     
   82.849571239280976     
  0.49501237530938275     
  0.58751468786719663     
   9.4927373184329600     
   9.5727393184829612     
   27.350683767094178     
   27.478186954673866     
   68.819220480512016     
   68.904222605565138     
   97.159928998224956     
   97.219930498262457     
   28.050701267531689     
   28.135703392584816     
   50.783769594239857     
   50.858771469286729     
   59.188979724493109     
   59.336483412085300     
   59.341483537088429     
   68.114202855071383     
   68.264206605165128     
   15.390384759618991     
   15.520388009700243     
   26.125653141328534     
   26.220655516387911     
   30.745768644216106     
   30.765769144228607     
   85.064626615665389     
   85.127128178204458     
   97.439935998399960     
   97.549938748468705     
   9.7502437560939029E-002
   25.238130953273831     
   25.275631890797271     
   32.803320083002077     
   32.840821020525510     
   54.666366659166478     
   54.726368159203979     
   83.184579614490360     
   83.224580614515361     
   95.089877246931167     
   95.179879496987425     
   98.327458186454663     
   98.479961999049976     
   35.285882147053677     
   35.350883772094299     
   78.479461986549666     
   78.564464111602788     
   4.5601140028500708     
   4.6726168154203851     
   38.425960649016226     
   50.818770469261729     
   50.881272031800798     
   97.037425935648386     
   97.117427935698387     
   7.2501812545313626E-002
   1.8425460636515913     
   1.8950473761844047     
   50.788769719242978     
   50.851271281782047     
   54.718867971699289     
   54.738868471711790     
   56.278906972674314     
   56.401410035250883     
   81.579539488487214     
   16.967924198104953     
   17.040426010650265     
   17.105427635690891     
   17.115427885697141     
   41.853546338658468     
   42.018550463761592     
   53.368834220855518     
   53.531338283457089     
   65.461636540913517     
   65.571639290982276     
   81.812045301132528     
   81.927048176204408     
   83.422085552138810     
   83.459586489662243     
   91.759793994849872     
   91.827295682392062     
   32.160804020100500     
   32.270806770169251     
   35.145878646966175     
   35.200880022000547     
   35.225880647016176     
   38.018450461261530     
   38.118452961324031     
   58.261456536413412     
   58.321458036450913     
   5.2001300032500817     
   5.2851321283032080     
   12.515312882822071     
   12.582814570364260     
   33.508337708442710     
   33.533338333458339     
   50.001250031250784     
   50.171254281357037     
   61.104027600690017     
   61.239030975774398     
   28.930723268081703     
   28.988224705617640     
   54.316357908947722     
   54.453861346533664     
   68.576714417860444     
   68.656716417910445     
   81.982049551238788     
   82.124553113827844     
   94.164854121353031     
   94.284857121428033     
   11.695292382309558     
   11.775294382359560     
   12.217805445136129     
   12.262806570164255     
   45.183629590739770     
   45.326133153328833     
   46.151153778844474     
   46.243656091402286     
   47.878696967424183     
   48.036200905022625     
   57.963949098727468     
   58.116452911322781     
   99.052476311907796     
   99.099977499437486     
   83.599589989749745     
   83.659591489787246     
   83.757093927348180     
   83.882097052426317     
   89.394734868371714     
   89.459736493412336     
   65.649141228530709     
   65.721643041076021     
   65.749143728593211     
   73.406835170879276     
   73.464336608415209     
   9.6002400060001492     
   9.7177429435735885     
   20.873021825545639     
   20.938023450586265     
   21.023025575639391     
   67.754193854846378     
   67.869196729918244     
   2.0325508137703441     
   2.0775519387984698     
   10.045251131278283     
   10.130253256331409     
   35.148378709467735     
   35.153378834470864     
   63.414085352133803     
   63.481587039675993     
   5.3926348158703972     
   5.5301382534563368     
   41.186029650741268     
   41.268531713292830     
   50.083752093802346     
   50.223755593889848     
   6.4201605040126006     
   6.5001625040626019     
   33.300832520813017     
   33.385834645866147     
   86.084652116302905     
   86.094652366309163     
   18.970474261856545     
   19.070476761919046     
   21.655541388534715     
   21.755543888597217     
   51.298782469561736     
   51.438785969649238     
   78.789469736743413     
   78.929473236830916     
   80.977024425610637     
   81.054526363159084     
   69.309232730818266     
   69.471736793419836     
   74.984374609365233     
   75.099377484437113     
   83.987099677491940     
   84.112102802570064     
   49.921248031200783     
   50.053751343783595     
   70.231755793894848     
   70.384259606490161     
   91.979799494987375     
   92.027300682517065     
   31.098277456936422     
   31.245781144528614     
   42.786069651741293     
   42.911072776819424     
   43.601090027250684     
   43.743593589839747     
   72.246806170154258     
   72.314307857696448     
   16.362909072726818     
   16.507912697817446     
   23.130578264456613     
   23.248081202030050     
   93.699842496062402     
   93.847346183654594     
   21.225530638265958     
   21.315532888322210     
   7.3051826295657394     
   7.4101852546313660     
   7.5301882547063679     
   7.5801895047376187     
   23.443086077151928     
   23.563089077226930     
   29.255731393284833     
   29.353233830845770     
   29.383234580864521     
   93.297332433310828     
   93.357333933348329     
   16.062901572539314     
   16.137903447586190     
   28.645716142903574     
   28.715717892947325     
   44.761119027975703     
   44.833620840521014     
   47.841196029900750     
   47.886197154928873     
   72.374309357733949     
   72.484312107802694     
   10.050251256281408     
   10.097752443811096     
   41.718542963574087     
   41.768544213605338     
   91.079776994424861     
   91.122278056951430     
   98.859971499287482     
   98.994974874371863     
   21.503037575939398     
   21.680542013550340     
   26.815670391759795     
   26.970674266856673     
   37.383434585864649     
   37.485937148428711     
   41.678541963549087     
   41.823545588639718     
   80.564514112852819     
   80.747018675466890     
   92.429810745268625     
   37.040926023150575     
   37.123428085702145     
   78.196954923873093     
   78.271956798919973     
   38.295957398934974     
   38.408460211505286     
   69.626740668516717     
   69.741743543588584     
   71.184279606990174     
   71.269281732043297     
   78.754468861721548     
   78.821970549263725     
   16.905422635565888     
   16.990424760619014     
   71.839295982399562     
   71.944298607465186     
   84.024600615015373     
   84.132103302582564     
   9.1377284432110795     
   9.2252306307657683     
   22.233055826395660     
   22.373059326483162     
   40.486012150303758     
   40.493512337808447     
   40.593514837870948     
   50.268756718917970     
   50.426260656516412     
   53.568839220980522     
   53.703842596064902     
   97.287432185804647     
   97.397434935873392     
   29.685742143553590     
   29.825745643641092     
   34.595864896622416     
   34.748368709217729     
   38.620965524138100     
   38.658466461661540     
   41.786044651116278     
   41.823545588639718     
   9.0577264431610782     
   9.1327283182079544     
   53.553838845971150     
   53.631340783519590     
   67.906697667441691     
   68.046701167529193     
   21.388034700867522     
   21.548038700967524     
   39.073476836920925     
   39.145978649466237     
   54.456361409035225     
   54.556363909097726     
   63.826595664891620     
   63.859096477411939     
  0.97252431310782772     
   1.1050276256906422     
   10.500262506562665     
   10.630265756643917     
   29.898247456186404     
   29.978249456236405     
   31.630790769769245     
   31.780794519862997     
   82.762069051726300     
   82.929573239330978     
   6.2676566914172858     
   6.4001600040001003     
   20.260506512662818     
   20.333008325208130     
   31.733293332333307     
   31.818295457386434     
   64.094102352558821     
   64.189104727618187     
   5.7201430035750898     
   5.8701467536688421     
   7.4976874421860549     
   7.6451911297782447     
   14.595364884122104     
   14.747868696717418     
   15.512887822195555     
   15.622890572264307     
   27.220680517012926     
   27.373184329608240     
   33.963349083727095     
   34.100852521313030     
   21.290532263306584     
   21.385534638365961     
   68.766719167979204     
   68.911722793069828     
   39.388484712117801     
   39.455986399659992     
   62.669066726668170     
   62.699067476686920     
   76.994424860621521     
   77.096927423185576     
   86.162154053851353     
   86.244656116402908     
   39.643491087277184     
   39.735993399834996     
   39.760994024850618     
   73.521838045951142     
   73.679341983549591     
   98.252456311407784     
   98.389959748993718     
   11.212780319507988     
   11.285282132053302     
   36.285907147678692     
   36.320908022700564     
   75.874396859921504     
   76.021900547513681     
  0.89502237555938902     
   1.0250256256406409     
   13.390334758368960     
   13.542838570964275     
   18.357958948973724     
   18.450461261531537     
   25.833145828645716     
   25.883147078676966     
   57.028925723143075     
   57.171429285732145     
   8.0002000050001257E-002
   23.405585139628492     
   23.518087952198805     
   74.671866796669917     
   74.801870046751162     
   84.239605990149755     
   84.357108927723189     
   72.554313857846452     
   72.711817795444887     
   3.3550838770969276     
   3.4500862521563040     
   14.235355883897098     
   14.352858821470537     
   33.970849271231778     
   34.135853396334909     
   54.703867596689918     
   54.788869721743040     
   5.3051326283157083     
   5.4651366284157108     
   6.7676691917297935     
   6.7901697542438564     
   6.9001725043126081     
   20.475511887797197     
   20.550513762844073     
   79.161979049476230     
   79.289482237055921     
   1.1000275006875171     
   1.2175304382609564     
   51.938798469961746     
   51.951298782469564     
   64.234105852646323     
   64.366609165229136     
   90.347258681467039     
   90.449761244031095     
   15.495387384684618     
   15.670391759793995     
   99.199979999499988     
   99.239980999524988     
   47.946198654966373     
   48.113702842571065     
   63.624090602265056     
   63.689092227305686     
   81.004525113127826     
   59.361484037100929     
   59.553988849721243     
   75.834395859896503     
   75.916897922448058     
   79.411985299632491     
   79.554488862221561     
   86.974674366859176     
   87.107177679441989     
   87.134678366959179     
   25.163129078226955     
   25.305632640816022     
   32.460811520288004     
   32.488312207805194     
   58.563964099102478     
   58.621465536638418     
   71.246781169529243     
   71.326783169579244     
   72.991824795619891     
   73.059326483162081     
   78.604465111627789     
   78.774469361734049     
   88.637215930398256     
   88.662216555413892     
   31.490787269681743     
   31.505787644691118     
   77.031925798144954     
   77.116927923198077     
   1.5950398759969000     
   1.6950423760594016     
   1.2875321883047077     
   1.4100352508812721     
   18.805470136753417     
   18.932973324333108     
   20.728018200455011     
   20.743018575464387     
   25.068126703167579     
   25.165629140728520     
   30.858271456786419     
   30.880772019300483     
   37.550938773469333     
   37.605940148503713     
   82.132053301332533     
   91.782294557363940     
   91.789794744868615     
   3.1375784394609867     
   3.2075801895047378     
   7.0676766919172982     
   7.1726793169829248     
   17.625440636015899     
   17.750443761094026     
   20.155503887597192     
   20.163004075101878     
   20.268006700167504     
   28.470711767794196     
   28.595714892872323     
   71.759293982349561     
   71.826795669891752     
   97.094927373184333     
   22.403060076501912     
   22.573064326608165     
   37.330933273331830     
   37.458436460911521     
   80.804520113002823     
   80.917022925573136     
   83.727093177329436     
   83.812095302382559     
   93.394834870871776     
   93.412335308382708     
   99.504987624690614     
   99.637490937273427     
   41.711042776069405     
   41.801045026125657     
   62.706567664191603     
   62.836570914272855     
   93.177329433235826     
   93.337333433335829     
   11.832795819895498     
   11.872796819920499     
   86.644666116652914     
   86.754668866721673     
   26.150653766344160     
   26.318157953948848     
   31.660791519787995     
   31.763294082352058     
   45.436135903397584     
   45.488637215930396     
   91.529788244706111     
   91.602290057251437     
   20.830520763019077     
   20.893022325558139     
   62.311557788944725     
   62.426560664016598     
   98.554963874096856     
   98.689967249181223     
   10.652766319157980     
   10.820270506762670     
   13.695342383559590     
   13.725343133578340     
   19.855496387409683     
   19.980499512487810     
   24.868121703042576     
   24.938123453086327     
   26.475661891547290     
   26.603165079126978     
   13.112827820695518     
   13.235330883272082     
   22.763069076726918     
   22.885572139303484     
   54.366359158978973     
   82.087052176304411     
   82.159553988849723     
   3.9225980649516239     
   4.0551013775344380     
   40.023500587514690     
   40.123503087577191     
   41.218530463261580     
   41.236030900772519     
   89.127228180704520     
   89.164729118227953     
   15.530388259706493     
   15.692892322308058     
   39.428485712142802     
   39.485987149678742     
   41.531038275956902     
   41.611040276006904     
   42.898572464311606     
   43.031075776894426     
   78.441961049026219     
   78.549463736593410     
   87.659691492287308     
   87.737193429835742     
   46.978674466861669     
   47.068676716917921     
   37.788444711117776     
   37.873446836170906     
   57.141428535713395     
   57.233930848271207     
   90.567264181604543     
   90.617265431635786     
   92.464811620290504     
   92.519812995324884     
   21.538038450961274     
   21.703042576064401     
   37.330933273331830     
   37.388434710867770     
   48.441211030275760     
   48.561214030350762     
   4.4101102527563185     
   4.5176129403235077     
   65.979149478736971     
   66.109152728818216     
   72.814320358008956     
   72.976824420610512     
   76.191904797619941     
   76.349408735218375     
   69.384234605865146     
   69.509237730943269     
   2.6075651891297285     
   2.7250681267031678     
   11.047776194404861     
   11.105277631940799     
   19.137978449461237     
   19.182979574489362     
   42.838570964274105     
   42.898572464311606     
   63.981599539988501     
   64.104102602565064     
   7.2101802545063629     
   7.2951823795594892     
   32.748318707967698     
   32.845821145528639     
   45.056126403160079     
   45.163629090727269     
   45.198629965749141     
   74.834370859271488     
   74.889372234305853     
   81.054526363159084     
   81.174529363234086     
   93.809845246131147     
   93.924848121203027     
   96.767419185479639     
   96.914922873071831     
   88.994724868121708     
   89.097227430685763     
   38.388459711492786     
   38.533463336583416     
   92.274806870171759     
   92.364809120228003     
   43.913597839946000     
   44.076101902547563     
   58.998974974374356     
   59.051476286907175     
   37.770944273606837     
   37.938448461211529     
   84.654616365409140     
   84.709617740443505     
   18.662966574164354     
   18.782969574239356     
   38.083452086302160     
   38.265956648916223     
   76.591914797869947     
   76.729418235455881     
   90.052251306282656     
   98.607465186629668     
   98.717467936698412     
   46.973674341858548     
   47.068676716917921     
   63.619090477261935     
   63.806595164879120     
   76.769419235480882     
   76.864421610540262     
   1.6725418135453387     
   1.8325458136453412     
   45.318632965824143     
   45.358633965849144     
   62.971574289357235     
   63.019075476886925     
   90.302257556438917     
   90.387259681492040     
   95.107377684442113     
   95.282382059551495     
   25.533138328458211     
   34.123353083827098     
   34.180854521363031     
   47.163679091977301     
   47.266181654541363     
   57.431435785894649     
   57.476436910922772     
   3.0925773144328610     
   3.1800795019875499     
   11.452786319657992     
   11.587789694742369     
   85.917147928698213     
   86.002150053751350     
   95.729893247331177     
   95.824895622390557     
   85.307132678316961     
   85.387134678366962     
   25.013125328133203     
   64.751618790469763     
   64.929123228080698     
   92.047301182529566     
   92.212305307632690     
   94.739868496712418     
   94.797369934248351     
   41.243531088277209     
   41.353533838345960     
   73.464336608415209     
   73.546838670966778     
   74.821870546763662     
   74.921873046826164     
   93.972349308732717     
   94.109852746318651     
   95.519887997199930     
   95.627390684767121     
   97.629940748518706     
   97.752443811095276     
   15.760394009850247     
   15.907897697442436     
   30.075751893797346     
   30.163254081352033     
   68.539213480337011     
   68.641716042901066     
   23.070576764419112     
   23.133078326958174     
   44.811120278006953     
   44.961124028100706     
   12.025300632515814     
   12.112802820070502     
   40.561014025350637     
   40.616015400385010     
   55.628890722268054     
   55.813895347383685     
   46.143653591339785     
   46.281157028925726     
   60.381509537738445     
   60.424010600265007     
   99.552488812220304     
   99.614990374759373     
   34.145853646341159     
   34.275856896422411     
   67.576689417235428     
   67.644191104777619     
   75.561889047226174     
   75.611890297257432     
   75.671891797294933     
   88.919722993074828     
   88.957223930598261     
   89.294732368309212     
   89.444736118402957     
   12.792819820495513     
   12.922823070576765     
   16.805420135503386     
   16.907922698067452     
   71.599289982249559     
   71.756793919847993     
   10.467761694042352     
   10.555263881597041     
   11.987799694992376     
   12.055301382534564     
   46.708667716692915     
   46.871171779294485     
   64.599114977874450     
   64.774119352983831     
   72.774319357983956     
   72.889322233055822     
   24.130603265081628     
   28.993224830620765     
   29.100727518187956     
   57.303932598314958     
   69.306732668316712     
   69.314232855821402     
   69.404235105877646     
   98.529963249081220     
   98.647466186654668     
   97.587439685992152     
   97.662441561039032     
   50.968774219355481     
   51.113777844446112     
   58.086452161304031     
   58.188954723868093     
  0.67001675041876052     
  0.74501862546563669     
   25.410635265881648     
   25.458136453411335     
   82.574564364109108     
   82.617065426635662     
   16.005400135003374     
   16.130403260081501     
   19.480487012175303     
   19.615490387259680     
   24.910622765569141     
   25.070626765669143     
   33.525838145953649     
   33.615840396009901     
   57.071426785669644     
   57.168929223230577     
   64.904122603065076     
   65.031625790644767     
   91.177279431985795     
   91.272281807045175     
   33.753343833595842     
   57.111427785694644     
   62.204055101377534     
   62.346558663966597     
   82.669566739168474     
   82.719567989199732     
   82.727068176704421     
   97.097427435685887     
   97.227430685767146     
   31.975799394984875     
   32.115802895072378     
   42.836070901772544     
   42.901072526813174     
   3.5750893772344310     
   3.6400910022750570     
   35.678391959798994     
   35.800895022375556     
   46.721168029200733     
   46.773669341733545     
   69.789244731118274     
   69.899247481187032     
   3.7500937523438083E-002
   1.1100277506937672     
   1.1775294382359558     
   1.3000325008125204     
   35.253381334533366     
   35.335883397084928     
   46.621165529138231     
   46.686167154178854     
   7.0176754418860474     
   7.1051776294407363     
   15.882897072426811     
   15.987899697492438     
   30.410760269006726     
   30.473261831545788     
   40.796019900497512     
   40.926023150578764     
   44.841121028025704     
   44.953623840596016     
   77.471936798419961     
   77.561939048476205     
   92.219805495137379     
   92.284807120178002     
   99.189979749493730     
   99.249981249531231     
   99.272481812045299     
   9.5552388809720235     
   9.6452411310282749     
   40.063501587539690     
   40.176004400110003     
   65.979149478736971     
   66.109152728818216     
   84.804620115502885     
   20.820520513012827     
   20.905522638065953     
   21.673041826045651     
   21.725543138578466     
   27.915697892447312     
   98.647466186654668     
   98.824970624265603     
   30.285757143928599     
   30.430760769019226     
   78.094452361309038     
   78.139453486337160     
   13.707842696067402     
   13.787844696117403     
   16.472911822795570     
   16.587914697867447     
   58.311457786444663     
   58.341458536463414     
   58.646466161654040     
   58.763969099227481     
   78.096952423810592     
   78.141953548838714     
   8.8002200055001367     
   8.8702217555438878     
   40.271006775169383     
   40.431010775269385     
   3.1300782519562991     
   3.2250806270156755     
   7.1576789419735496     
   7.2726818170454264     
   84.597114927873193     
   84.707117677941952     
   90.152253806345158     
   90.227255681392037     
   32.630815770394257     
   32.728318207955198     
   64.121603040075996     
   64.139103477586943     
   85.699642491062278     
   85.849646241156023     
   94.154853871346788     
   94.259856496412411     
   79.589489737243426     
   79.714492862321563     
   92.042301057526444     
   92.162304057601446     
   48.066201655041375     
   48.156203905097627     
   58.633965849146229     
   58.746468661716541     
   27.108177704442610     
   27.178179454486362     
   51.681292032300810     
   51.771294282357061     
   60.874021850546264     
   61.016525413135327     
   61.459036475911901     
   61.524038100952524     
   71.814295357383941     
   71.984299607490186     
   94.274856871421790     
   94.347358683967101     
   40.863521588039703     
   40.901022525563143     
   57.786444661116526     
   57.938948473711839     
   66.474161854046358     
   66.626665666641671     
   13.145328633215831     
   13.240331008275207     
   31.315782894572365     
   31.418285457136427     
   33.735843396084903     
   33.853346333658344     
   55.191379784494615     
   55.253881347033676     
   84.924623115577887     
   85.022125553138835     
   40.201005025125632     
   40.343508587714695     
   78.354458861471542     
   78.451961299032476     
   90.527263181579542     
   90.567264181604543     
   60.786519662991573     
   60.909022725568143     
   75.686892172304312     
   75.834395859896503     
   13.750343758593965     
   13.870346758668967     
   29.408235205880146     
   29.540738518462963     
   42.468561714042849     
   42.648566214155352     
   64.141603540088497     
   64.169104227605686     
   12.290307257681443     
   12.327808195204881     
   15.492887322183055     
   15.577889447236181     
   55.343883597089928     
   55.453886347158679     
   68.749218730468257     
   68.871721793044827     
   72.299307482687070     
   72.421810545263625     
   71.744293607340182     
   71.874296857421442     
   76.514412860321514     
   76.606915172879326     
   10.300257506437662     
   10.365259131478288     
   39.810995274881869     
   39.868496712417809     
   47.306182654566364     
   47.428685717142926     
   47.941198529963252     
   47.993699842496063     
   70.756768919222978     
   70.874271856796426     
   74.471861796544914     
   74.611865296632416     
   5.0201255031375789     
   5.0926273156828925     
   13.110327758193955     
   13.245331133278333     
   17.495437385934647     
   17.575439385984648     
   24.465611640291009     
   24.610615265381636     
   52.766319157978948     
   52.866321658041450     
   31.643291082277056     
   31.740793519837997     
   45.963649091227282     
   45.981149528738221     
   62.969074226855675     
   63.099077476936927     
   68.224205605140128     
   68.261706542663561     
   87.242181054526370     
   87.347183679591993     
   88.857221430535759     
   88.919722993074828     
   94.902372559313989     
   95.019875496887423     
   12.230305757643942     
   12.320308007700193     
   12.342808570214256     
   91.684792119802992     
   91.764794119852994     
   54.591364784119605     
   54.733868346708668     
   57.593939848496213     
   57.718942973574336     
   88.872221805545138     
   88.924723118077949     
   9.4602365059126470     
   9.5052376309407727     
   64.151603790094754     
   64.204105102627565     
   67.629190729768240     
   67.784194604865121     
   3.9750993774844372     
   4.1326033150828767     
   18.402960074001850     
   18.465461636540912     
   37.858446461161527     
   37.995949898747469     
   40.726018150453761     
   40.763519087977201     
   7.4376859421485539     
   7.5476886922173057     
   46.831170779269485     
   46.986174654366359     
   53.478836970924270     
   53.528838220955521     
   55.126378159453985     
   55.178879471986797     
  0.10750268756718918     
   66.021650541263526     
   66.179154478861975     
   88.404710117752941     
   88.514712867821700     
   93.667341683542091     
   93.792344808620214     
  0.53751343783594585     
  0.70501762544063606     
   37.003425085627143     
   37.153428835720895     
   73.966849171229285     
   74.061851546288651     
   74.766869171729297     
   74.841871046776163     
   37.370934273356831     
   37.425935648391210     
   62.626565664141602     
   62.791569789244733     
   92.357308932723313     
   92.492312307807694     
   7.7101927548188707     
   7.7476936923423088     
   27.493187329683241     
   27.625690642266058     
   40.418510462761567     
   40.503512587814697     
   40.521013025325637     
   67.684192104802619     
   67.761694042351053     
   81.024525613140327     
   81.184529613240329     
   87.907197679942001     
   87.979699492487313     
   49.351233780844524     
   49.446236155903897     
   78.164454111352782     
   78.226955673891851     
   1.5850396259906498     
   1.6800420010500263     
   7.2576814420360511     
   25.385634640866023     
   25.435635890897274     
   25.945648641216032     
   38.613465336633418     
   38.740968524213102     
   59.308982724568111     
   59.416485412135302     
   59.433985849646241     
   68.731718292957325     
   68.849221230530759     
   81.764544113602838     
   81.852046301157529     
   17.112927823195580     
   17.220430510762768     
   63.034075851896297     
   63.159078976974428     
   65.746643666091657     
   65.869146728668213     
   31.105777644441112     
   31.278281957048925     
   56.223905597639941     
   56.361409035225883     
   56.368909222730565     
   25.603140078501962     
   25.733143328583214     
   31.725793144828621     
   31.820795519887998     
   31.840796019900498     
   31.953298832470811     
   68.839220980524516     
   68.929223230580760     
   76.909422735568384     
   76.994424860621521     
   29.510737768444212     
   29.658241456036400     
   84.617115427885693     
   84.639615990399761     
   21.045526138153456     
   21.103027575689392     
   29.910747768694218     
   29.990749768744219     
   76.244406110152752     
   76.359408985224633     
   36.198404960124002     
   36.338408460211504     
   62.484062101552539     
   62.526563164079100     
   65.426635665891652     
   65.474136853421342     
   69.344233605840145     
   69.466736668416715     
   82.272056801420035     
   82.364559113977847     
   82.417060426510659     
   19.282982074551864     
   19.325483137078425     
   76.079401985049628     
   76.211905297632441     
   12.222805570139254     
   12.365309132728319     
   66.364159103977599     
   66.479161979049479     
   5.8551463786594669     
   5.9201480037000929     
   27.733193329833245     
   27.770694267356685     
   9.2752318807970191     
   9.5877396934923365     
   73.781844546113646     
   73.911847796194905     
   75.116877921948046     
   75.166879171979303     
   19.755493887347182     
   19.900497512437809     
   69.249231230780765     
   69.346733668341713     
   77.451936298407460     
   77.511937798444961     
   7.8826970674266859     
   7.9776994424860623     
   46.301157528938226     
   46.446161154028850     
   46.876171904297607     
   47.051176279406988     
   66.039150978774472     
   66.199154978874475     
   75.581889547238674     
   75.621890547263675     
  0.47501187529688244     
  0.57501437535938393     
   12.477811945298633     
   12.545313632840822     
   23.403085077126928     
   23.560589014725370     
   55.941398534963376     
   56.046401160028999     
   56.078901972549311     
   59.956498912472810     
   59.996499912497811     
   80.137003425085624     
   80.257006425160625     
   81.434535863396590     
   81.474536863421591     
   93.759843996099903     
   93.892347308682716     
   5.2651316282907077     
   5.3051326283157083     
   80.414510362759074     
   80.459511487787196     
  0.71001775044376114     
  0.85752143803595093     
   37.418435460886521     
   37.538438460961522     
   45.716142903572589     
   45.821145528638219     
   47.431185779644494     
   47.601190029750747     
   56.316407910197753     
   56.373909347733694     
   68.886722168054206     
   68.894222355558895     
   11.892797319932999     
   11.957798944973625     
   17.887947198679967     
   18.035450886272155     
   23.218080452011300     
   23.333083327083177     
   38.435960899022476     
   38.510962774069348     
   76.296907422685564     
   76.369409235230876     
   81.424535613390333     
   81.524538113452834     
   87.627190679766997     
   87.764694117352931     
   4.9351233780844517     
   5.0551263781594544     
   14.690367259181480     
   14.827870696767420     
   18.207955198879972     
   18.350458761469035     
   19.032975824395610     
   19.107977699442486     
   66.961674041851040     
   67.119177979449489     
   67.254181354533870     
   67.399184979624494     
   68.901722543063570     
   68.934223355583896     
   81.954548863721598     
   82.084552113802843     
   6.9551738793469839     
   7.0751768794219858     
   21.245531138278459     
   21.348033700842521     
   3.9125978149453737     
   4.0426010650266253     
   13.112827820695518     
   13.192829820745519     
   18.052951323783095     
   18.080452011300281     
   6.5876646916172907     
   6.6876671916797923     
   30.088252206305157     
   30.218255456386409     
   30.370759268981725     
   30.515762894072353     
   31.220780519512989     
   31.368284207105177     
   51.853796344908623     
   51.881297032425813     
   58.326458161454035     
   58.396459911497786     
   75.944398609965248     
   95.509887747193673     
   95.649891247281175     
   6.1076526913172833     
   6.2276556913922851     
   15.222880572014301     
   15.310382759568990     
   34.043351083777097     
   34.070851771294279     
   42.136053401335033     
   42.226055651391285     
   19.615490387259680     
   19.715492887322181     
   51.381284532113305     
   51.418785469636738     
   61.016525413135327     
   61.119027975699396     
   64.479111977799448     
   64.574114352858828     
   91.077276931923294     
   91.122278056951430     
   16.262906572664317     
   16.392909822745569     
   35.688392209805244     
   35.805895147378685     
   35.850896272406807     
   43.871096777419439     
   43.926098152453811     
   51.488787219680489     
   51.608790219755491     
   58.453961349033726     
   58.561464036600917     
   61.901547538688469     
   61.936548413710341     
   69.566739168479216     
   69.664241606040150     
   70.469261731543284     
   88.127203180079505     
   88.274706867671696     
   89.754743868596719     
   89.774744368609220     
   24.150603765094129     
   24.290607265181631     
   36.598414960374008     
   36.698417460436509     
   52.411310282757071     
   52.571314282857074     
   65.191629790744770     
   65.306632665816650     
   67.469186729668237     
   67.571689292232307     
   69.054226355658898     
   69.146728668216710     
  0.68751718792969829     
  0.73501837545938653     
   14.882872071801795     
   15.037875946898673     
   13.020325508137704     
   13.157828945723644     
   87.257181429535734     
   87.392184804620115     
   53.881347033675844     
   66.226655666391665     
   66.371659291482288     
   71.104277606940173     
   71.129278231955794     
   4.7501187529688245E-002
   10.405260131503288     
   10.450261256531414     
   10.522763069076728     
   11.050276256906423     
   11.157778944473613     
   40.253506337658443     
   40.371009275231884     
   8.8752218805470129     
   8.9152228805720135     
   8.9827245681142021     
   26.445661141528539     
   26.565664141603541     
   26.590664766619167     
   33.228330708267706     
   33.330833270831768     
   33.880847021175526     
   42.383559588989726     
   42.451061276531917     
   62.064051601290032     
   62.141553538838473     
   73.776844421110525     
   73.876846921173026     
   30.930773269331734     
   30.988274706867671     
   48.236205905147628     
   48.326208155203879     
   11.457786444661117     
   11.527788194704868     
   28.790719767994201     
   28.880722018050452     
   2.3075576889422234     
   2.4225605640141001     
   60.521513037825947     
   60.594014850371259     
   95.467386684667119     
   95.597389934748364     
   2.0400510012750317     
   2.1550538763469085     
   21.688042201055026     
   21.818045451136278     
   71.454286357158935     
   71.546788669716747     
   78.041951048776212     
   78.146953673841850     
   83.774594364859126     
   83.794594864871627     
   83.907097677441939     
   84.684617115427884     
   84.832120803020075     
   63.574089352233806     
   63.699092477311936     
   75.494387359683998     
   75.616890422260553     
   84.282107052676324     
   84.337108427710689     
   93.074826870671771     
   93.237330933273327     
   36.750918772969321     
   36.870921773044323     
   86.229655741393529     
   86.302157553938855     
   86.382159553988856     
   1.4825370634265858     
   1.5775394384859622     
   14.885372134303358     
   15.022875571889298     
   37.743443586089654     
   37.880947023675589     
   44.596114902872571     
   44.693617340433512     
   56.618915472886819     
   56.781419535488389     
   83.747093677341937     
   83.887097177429439     
   26.940673516837922     
   26.958173954348858     
   68.631715792894823     
   68.706717667941703     
   97.159928998224956     
   97.202430060751524     
   8.7127178179454479     
   8.8002200055001367     
   30.273256831420785     
   30.325758143953600     
   30.353258831470786     
   41.601040026000653     
   41.676041901047526     
   68.971724293107329     
   69.111727793194831     
   77.951948798719968     
   78.011950298757469     
   20.970524263106579     
   21.103027575689392     
   1.4150353758843972     
   1.4800370009250232     
   22.565564139103479     
   22.715567889197231     
   38.295957398934974     
   38.403460086502164     
   70.836770919272979     
   71.016775419385482     
   58.163954098852471     
   58.213955348883722     
   63.776594414860369     
   63.889097227430689     
   72.219305482637068     
   72.251806295157380     
   68.701717542938567     
   68.779219480487015     
   86.814670366759174     
   1.2850321258031452     
   1.4550363759093978     
   2.7250681267031678     
   2.8500712517812947     
   3.4725868146703669     
   3.5675891897297434     
   58.391459786494664     
   58.451461286532165     
   72.524313107827695     
   72.691817295432386     
   84.397109927748190     
   84.439610990274758     
  0.10750268756718918     
   32.213305332633318     
   32.370809270231753     
   32.778319457986449     
   32.863321583039578     
   6.9001725043126081     
   7.0501762544063604     
   11.427785694642367     
   11.550288757218931     
   16.845421135528387     
   16.930423260581513     
   51.041276031900800     
   51.111277781944551     
   60.854021350533763     
   61.016525413135327     
   79.329483237080922     
   79.394484862121558     
   4.4901122528063198     
   4.5751143778594461     
   12.467811695292383     
   12.522813070326759     
   91.714792869821750     
   91.792294807370183     
   91.847296182404563     
   2.8550713767844198     
   2.9025725643141080     
   18.192954823870597     
   18.340458511462785     
   5.3126328158203959     
   5.3426335658391464     
   21.798044951123778     
   21.890547263681594     
   47.091177279431989     
   47.161179029475740     
   74.606865171629295     
   74.756868921723040     
   87.697192429810741     
   87.714692867321688     
   23.190579764494114     
   23.265581639540990     
   26.265656641416037     
   26.408160204005100     
   39.325983149578740     
   39.448486212155302     
   77.364434110852770     
   77.544438610965273     
   89.884747118677964     
   90.047251181279535     
   96.232405810145252     
   96.362409060226511     
   7.2226805670141756     
   7.3226830670766772     
   15.702892572314308     
   15.765394134853372     
   54.271356783919600     
   54.436360909022724     
   69.631740793519839     
   75.101877546938667     
   75.126878171954303     
   32.545813645341134     
   32.663316582914575     
   34.018350458761468     
   34.073351833795847     
   67.779194479861999     
   67.861696542413554     
   90.149753743843590     
   90.269756743918592     
   48.281207030175757     
   48.393709842746070     
   48.843721093027327     
   48.971224280607018     
   50.703767594189856     
   50.846271156778919     
   72.109302732568310     
   72.139303482587067     
   29.680742018550465     
   29.743243581089526     
   60.374009350233756     
   70.754268856721424     
   70.871771794294858     
   91.249781244531107     
   91.334783369584244     
   92.314807870196759     
   92.474811870296762     
   97.352433810845270     
   97.462436560914028     
   3.8500962524063103     
   3.8875971899297483     
   20.593014825370634     
   20.730518262956576     
   50.338758468961721     
   50.486262156553913     
   57.466436660916521     
   57.601440036000902     
  0.82502062551563793     
  0.94752368809220233     
   9.7827445686142145     
   9.9027475686892164     
   29.900747518687968     
   30.040751018775470     
   36.168404210105251     
   36.285907147678692     
   48.461211530288260     
   48.613715342883573     
   93.039825995649892     
   93.184829620740516     
   30.665766644166105     
   30.733268331708292     
   46.666166654166354     
   46.768669216730416     
   68.111702792569815     
   68.409210230255752     
   80.322008050201262     
   80.457011425285629     
   85.607140178504466     
   85.749643741093521     
   4.7376184404610111     
   4.8601215030375755     
   25.015625390634767     
   25.060626515662893     
   39.363484087102179     
   39.428485712142802     
   50.516262906572663     
   50.646266156653915     
   75.394384859621496     
   75.539388484712120     
   11.337783444586115     
   11.382784569614241     
   18.687967199179980     
   18.742968574214355     
   29.590739768494213     
   29.695742393559840     
   79.571989299732493     
   79.671991799794995     
   11.497787444686118     
   11.612790319757995     
   20.648016200405010     
   20.753018825470637     
   47.728693217330431     
   47.806195154878871     
   52.858821470536761     
   53.006325158128952     
   68.069201730043247     
   68.154203855096384     
   74.196854921373031     
   74.274356858921479     
   3.8775969399234982     
   3.9300982524563115     
   22.810570264256608     
   22.980574514362861     
   59.898997474936870     
   60.039000975024379     
   15.870396759918998     
   15.922898072451812     
   17.402935073376835     
   17.540438510962773     
   98.504962624065598     
   98.534963374084356     
   13.385334633365835     
   13.515337883447087     
   39.113477836945926     
   39.240981024525610     
   40.621015525388138     
   40.786019650491262     
   66.226655666391665     
   66.281657041426030     
   78.651966299157479     
   78.729468236705912     
  0.35250881272031803     
  0.47751193779844497     
   3.6900922523063078     
   3.7775944398609966     
   83.942098552463818     
   84.017100427510684     
   86.249656241406029     
   86.404660116502910     
   15.852896322408061     
   15.932898322458062     
   86.117152928823216     
   86.247156178904476     
   90.789769744243600     
   90.854771369284236     
   22.783069576739418     
   22.900572514312859     
   62.014050351258781     
   62.081552038800972     
   31.775794394859872     
   31.863296582414559     
   49.043726093152330     
   49.173729343233582     
   75.954398859971505     
   76.041901047526181     
   86.417160429010721     
   86.544663616590412     
  0.10500262506562665     
   24.593114827870696     
   24.643116077901947     
   36.165904147603690     
   36.233405835145881     
   44.238605965149127     
   44.323608090202256     
   14.350358758968975     
   14.470361759043977     
   34.108352708817719     
   34.205855146378660     
   77.466936673416839     
   77.624440611015274     
   87.902197554938880     
   87.967199179979502     
   93.427335683392087     
   93.569839245981143     
   4.0876021900547510     
   4.1226030650766265     
   29.673241831045775     
   29.808245206130152     
   57.638940973524335     
   57.776444411110276     
   62.534063351583789     
   62.651566289157230     
   70.556763919097975     
   70.706767669191734     
   87.922198054951380     
   88.054701367534193     
   7.3401835045876149     
   7.4651866296657419     
   17.820445511137777     
   17.937948448711218     
   87.579689492237307     
   87.754693867346688     
   63.804095102377559     
   63.939098477461940     
   88.284707117677939     
   88.369709242731062     
   3.3150828770719269     
   3.4525863146578666     
   51.691292282307060     
   51.791294782369562     
   8.6577164429110720     
   8.7402185054626358     
   52.806320158003949     
   52.881322033050829     
   75.611890297257432     
   75.759393984849623     
   58.368959223980596     
   58.483962099052476     
   67.419185479636994     
   67.494187354683874     
   3.4425860646516164     
   3.4825870646766171     
   5.6126403160079006     
   5.7576439410985278     
   81.374534363359089     
   81.482037050926280     
   82.804570114252854     
   82.934573364334113     
   87.169679241981044     
   87.264681617040424     
   90.687267181679545     
   90.822270556763925     
   1.8800470011750294     
   2.0250506262656565     
   16.902922573064327     
   16.990424760619014     
   26.020650516262908     
   26.035650891272283     
   35.105877646941174     
   35.165879146978675     
   40.438510962774068     
   40.556013900347509     
   66.049151228780715     
   66.101652541313527     
   87.172179304482611     
   87.227180679516991     
   97.744943623590586     
   97.887447186179656     
   10.325258131453287     
   10.335258381459537     
   58.241456036400912     
   58.316457911447785     
   67.564189104727618     
   67.836695917397932     
   14.922873071826796     
   15.057876446911173     
   27.075676891922299     
   27.173179329483236     
   32.113302832570817     
   49.286232155803894     
   49.421235530888275     
   40.401010025250635     
   40.528513212830319     
   56.046401160028999     
   56.121403035075879     
   2.8550713767844198     
   2.9225730643266083     
   14.380359508987725     
   14.452861321533039     
   39.338483462086550     
   39.483487087177181     
   49.541238530963277     
   49.606240156003899     
   74.849371234280852     
   74.951873796844922     
   83.237080927023172     
   83.382084552113810     
   23.120578014450363     
   23.288082202055051     
   79.134478361959054     
   79.216980424510609     
   89.442236055901404     
   89.559738993474838     
   91.849796244906116     
   91.994799869996754     
   93.589839745993643     
   98.299957498937474     
   98.437460936523408     
   32.045801145028626     
   32.120803020075499     
   41.283532088302209     
   41.333533338333460     
   12.882822070551764     
   12.935323383084578     
   39.428485712142802     
   39.505987649691242     
   9.0752268806720160     
   9.0952273806845163     
   32.415810395259882     
   32.453311332783322     
   49.438735968399207     
   49.551238780969527     
  0.27250681267031673     
  0.30750768769219228     
   58.433960849021226     
   58.513962849071227     
   82.002050051251288     
   82.057051426285653     
   8.3552088802220048     
   8.5102127553188822     
   24.283107077676942     
   24.443111077776944     
   38.595964899122478     
   38.745968649216231     
   68.879221980549517     
   69.021725543138572     
   81.549538738468456     
   81.654541363534094     
   24.940623515587891     
   25.050626265656643     
   25.915647891197281     
   25.975649391234782     
   27.300682517062928     
   27.413185329633240     
   91.824795619890494     
   92.014800370009254     
   38.278456961424034     
   38.385959648991225     
   57.856446411160277     
   57.961449036225908     
   69.129228230705763     
   69.266731668291712     
   71.029275731893293     
   71.106777669441740     
   78.644466111652790     
   78.811970299257482     
   92.452311307782693     
   92.549813745343627     
   15.442886072151804     
   15.732893322333059     
   15.812895322383060     
   82.944573614340356     
   83.099577489437237     
   8.4027100677516930     
   8.5302132553313825     
   25.420635515887898     
   25.510637765944150     
   87.632190804770119     
   87.732193304832620     
   92.339808495212381     
   92.484812120303005     
   3.6675916897922449     
   3.6950923773094329     
   9.6452411310282749     
   9.7677441936048393     
   37.418435460886521     
   37.513437835945901     
   91.882297057426442     
   91.932298307457685     
   7.7926948173704345     
   7.9576989424735620     
   18.795469886747167     
   18.892972324308108     
   24.348108702717568     
   24.363109077726943     
   29.643241081027025     
   29.715742893572340     
   45.358633965849144     
   45.398634965874145     
   97.609940248506206     
   97.729943248581208     
   21.740543513587841     
   21.883047076176904     
   27.593189829745743     
   27.753193829845745     
   54.766369159228979     
   54.836370909272731     
   86.664666616665414     
   86.704667616690415     
   88.744718617965447     
   88.789719742993569     
   93.467336683417088     
   93.627340683517090     
   98.579964499112478     
   98.714967874196859     
   6.4426610665266635     
   6.5276631915797898     
   38.775969399234981     
   38.918472961824044     
   44.033600840021002     
   44.133603340083503     
   53.653841346033651     
   53.826345658641465     
  0.15250381259531487     
   28.128203205080126     
   28.363209080227005     
   42.288557213930346     
   42.398559963999098     
   62.949073726843174     
   62.986574664366607     
   1.3725343133578340     
   1.4800370009250232     
   13.475336883422086     
   13.597839945998651     
   32.348308707717692     
   32.428310707767693     
   76.981924548113696     
   77.129428235705888     
   22.933073326833171     
   23.043076076901922     
   34.575864396609916     
   34.653366334158356     
   53.148828720718015     
   53.196329908247705     
   83.022075551888804     
   83.074576864421616     
   94.359858996474912     
   94.519862996574915     
   21.823045576139403     
   21.915547888697219     
   50.631265781644544     
   50.716267906697666     
   66.356658916472909     
   66.494162354058858     
   82.812070301757544     
   82.874571864296612     
   46.316157903947598     
   46.416160404010100     
   3.9775994399859997     
   4.0801020025500634     
   20.683017075426886     
   20.790519762994077     
   24.268106702667566     
   24.298107452686317     
   59.543988599714993     
   59.613990349758744     
   77.714442861071532     
   77.871946798669967     
   6.2401560039000978     
   6.3026575664391613     
   26.575664391609791     
   26.750668766719169     
   45.228630715767892     
   45.386134653366334     
   68.569214230355755     
   68.699217480437014     
   94.879871996799920     
   94.984874621865544     
   67.584189604740118     
   67.634190854771376     
   79.544488612215304     
   79.604490112252805     
  0.11250281257031426     
   22.853071326783169     
   22.865571639290984     
   38.958473961849045     
   39.023475586889674     
   59.496487412185303     
   59.533988349708743     
   77.054426360659022     
   77.199429985749646     
   65.856646416160402     
   65.956648916222903     
   20.545513637840948     
   20.690517262931575     
   42.733568339208482     
   42.823570589264733     
   45.076126903172579     
   45.203630090752270     
   74.734368359208986     
   74.889372234305853     
   76.241906047651185     
   76.419410485262134     
   42.888572214305356     
   42.931073276831924     
   72.264306607665191     
   72.404310107752693     
   91.177279431985795     
   91.227280682017053     
   92.797319932998320     
   92.899822495562390     
   95.422385559638997     
  0.16000400010000251     
  0.27000675016875419     
   56.136403410085251     
   56.228905722643063     
   16.867921698042451     
   16.940423510587763     
   89.404735118377957     
   89.474736868421715     
   90.917272931823291     
   91.052276306907672     
   5.7501437535938400E-002
  0.16500412510312759     
   60.004000100002500     
   60.129003225080631     
   12.300307507687693     
   12.455311382784570     
   59.213980349508738     
   59.256481412035299     
   61.574039350983774     
   61.674041851046276     
   9.7502437560939029E-002
   1.4600365009125229     
   1.6450411260281508     
   44.193604840121004     
   44.221105527638194     
   73.329333233330829     
   73.476836920923020     
   93.042326058151460     
   93.154828870721772     
   25.313132828320708     
   25.338133453336333     
   41.833545838645968     
   41.873546838670968     
   69.631740793519839     
   69.729243231080773     
   69.776744418610463     
   80.439510987774696     
   80.609515237880942     
   95.777394434860867     
   95.897397434935868     
   54.911372784319610     
   55.056376409410234     
   96.379909497737444     
   96.512412810320257     
   96.567414185354636     
  0.33500837520938026     
  0.48501212530313259     
   6.7651691292282310     
   6.9051726293157332     
   10.410260256506414     
   10.480262006550165     
   28.738218455461386     
   28.888222205555138     
   41.288532213305331     
   41.346033650841271     
   57.941448536213407     
   58.056451411285281     
   68.924223105577639     
   68.996724918122950     
   74.904372609315232     
   75.046876171904302     
   3.6525913147828697     
   3.7150928773219332     
   55.798894972374306     
   55.926398159953997     
   65.756643916097900     
   65.806645166129158     
   65.846646166154159     
   90.037250931273277     
   90.129753243831090     
  0.80502012550313762     
  0.91502287557188933     
   97.612440311007774     
   97.717442936073397     
   98.812470311757792     
   98.857471436785914     
   4.5251131278281953     
   4.6651166279156975     
   28.905722643066078     
   29.010725268131704     
   35.385884647116178     
   35.485887147178680     
   49.083727093177330     
   49.206230155753893     
   85.754643866096657     
   85.812145303632590     
   16.027900697517438     
   16.090402260056500     
   19.877996949923748     
   19.970499262481560     
   53.678841971049273     
   53.808845221130525     
   68.539213480337011     
   68.696717417935446     
   90.657266431660787     
   90.724768119202977     
   94.607365184129605     
   94.777369434235851     
   10.015250381259532     
   10.057751443786096     
   31.978299457486436     
   32.070801770044248     
   32.125803145078628     
   86.624665616640414     
   86.702167554188861     
   95.552388809720242     
   95.644891122278054     
   79.321983049576232     
   79.404485112127801     
   79.434485862146559     
   6.4226605665141632     
   6.5101627540688520     
   25.560639015975401     
   25.585639640991026     
   51.401285032125806     
   51.451286282157056     
   60.156503912597813     
   60.289007225180633     
   64.586614665366639     
   64.756618915472885     
   80.867021675541892     
   81.042026050651273     
   90.757268931723289     
   90.824770619265479     
   93.479836995924899     
   93.599839995999901     
   99.404985124628112     
   99.464986624665613     
   50.531263281582042     
   50.598764969124225     
   89.784744618615463     
   89.939748493712344     
   3.9525988149703744     
   4.0901022525563135     
   16.345408635215879     
   16.465411635290881     
   25.328133203330083     
   25.388134703367584     
   32.723318082952076     
   32.818320458011449     
   32.835820895522389     
   34.715867896697418     
   34.860871521788042     
   46.806170154253856     
   46.891172279306986     
   97.569939248481205     
   97.639940998524963     
   1.9325483137078427     
   2.0900522513062825     
   40.573514337858448     
   40.628515712892820     
   6.6951673791844799     
   6.7201680042001053     
   26.610665266631667     
   26.798169954248856     
   29.075726893172330     
   29.108227705692642     
   38.733468336708420     
   38.785969649241231     
   57.143928598214956     
   57.243931098277457     
   1.5300382509562740     
   1.6675416885422136     
   2.0625515637890945     
   2.0975524388109701     
   28.775719392984826     
   28.803220080502012     
   28.900722518062953     
   47.836195904897622     
   88.502212555313889     
   88.639715992899824     
   96.557413935348379     
   96.647416185404637     
   20.795519887997202     
   20.923023075576889     
   33.023325583139581     
   33.130828270706765     
   43.011075276881925     
   43.111077776944427     
   11.077776944423611     
   11.132778319457987     
   26.808170204255106     
   26.835670891772295     
   34.595864896622416     
   34.693367334183357     
   44.403610090252258     
   44.456111402785069     
   57.398934973374331     
   57.483937098427461     
   98.254956373909351     
   98.314957873946852     
   1.2675316882922074     
   1.4200355008875223     
   77.379434485862149     
   77.464436610915271     
   46.193654841371036     
   46.256156403910097     
   63.981599539988501     
   64.156603915097875     
   72.206805170129257     
   72.284307107677691     
   35.218380459511486     
   35.275881897047427     
   40.958523963099076     
   41.068526713167827     
   7.9776994424860623     
   8.1002025050626258     
   43.906097652441311     
   43.968599214980372     
   59.898997474936870     
   60.016500412510311     
   70.166754168854226     
   70.284257106427660     
   79.499487487187182     
   79.539488487212182     
   79.579489487237183     
   89.362234055851403     
   89.452236305907647     
   89.459736493412336     
   15.460386509662742     
   15.550388759718993     
   7.5976899422485564     
   7.6976924423110580     
   41.726043151078777     
   41.796044901122528     
   93.304832620815517     
   93.367334183354586     
   27.130678266956675     
   27.198179954498862     
   37.313432835820898     
   37.485937148428711     
   84.389609740243500     
   84.484612115302880     
   21.790544763619092     
   21.898047451186279     
   42.681067026675670     
   42.818570464261605     
   62.844071101777544     
   62.999074976874425     
   98.809970249256224     
   98.897472436810915     
   1.6875421885547139     
   1.7200430010750269     
   21.728043201080027     
   21.858046451161279     
   39.905997649941249     
   39.960999024975621     
   89.144728618215453     
   89.249731243281076     
   95.574889372234310     
   3.3025825645641143     
   3.4125853146328660     
   20.125503137578441     
   20.198004950123753     
   14.565364134103353     
   14.670366759168980     
   17.630440761019024     
   17.800445011125277     
   27.655691392284808     
   81.387034675866900     
   81.397034925873143     
   89.389734743368578     
   89.517237930948269     
   3.1475786894672368     
   3.2725818145453638     
   12.397809945248632     
   12.442811070276758     
   34.498362459061475     
   34.575864396609916     
   82.714567864196610     
   82.754568864221611     
   95.349883747093671     
   95.489887247181173     
   35.570889272231803     
   35.683392084802122     
   35.715892897322433     
   40.346008650216255     
   40.498512462811568     
   51.801295032375812     
   51.913797844946124     
   77.801945048626209     
   77.894447361184035     
   50.238755968899220     
   50.313757843946100     
   4.1851046276156900     
   4.3026075651891293     
   27.573189329733243     
   27.718192954823870     
   35.135878396959924     
   35.245881147028676     
   81.634540863521593     
   81.702042551063784     
   85.324633115827893     
   85.419635490887273     
   7.0976774419360487     
   7.2401810045251134     
   54.621365534138356     
   54.778869471736790     
   55.241381034525865     
   55.313882847071177     
   72.991824795619891     
   73.129328233205825     
   89.064726618165452     
   89.114727868196709     
   5.0001250031250784E-002
   31.618290457261431     
   31.683292082302057     
   51.986299657491436     
   52.048801220030498     
   52.151303782594567     
   94.612365309132727     
   94.702367559188986     
  0.84502112552813824     
  0.87752193804845124     
   3.9200980024500613     
   4.0726018150453758     
   21.488037200930023     
   21.638040951023775     
   34.403360084002102     
   34.563364084102105     
   3.4725868146703669     
   3.6250906272656818     
   35.900897522438058     
   35.995899897497438     
   45.481137028425714     
   45.621140528513216     
   95.374884372109307     
   95.412385309632739     
   13.650341258531464     
   13.712842821070527     
   17.887947198679967     
   17.977949448736219     
   42.008550213755342     
   42.111052776319411     
   48.956223905597639     
   49.016225405635140     
   17.807945198629966     
   17.890447261181528     
   46.666166654166354     
   46.733668341708544     
   83.299582489562241     
   83.419585489637242     
   54.886372159303981     
   54.996374909372733     
   62.629065726643169     
   62.691567289182231     
   79.404485112127801     
   79.511987799694992     
   15.485387134678367     
   15.555388884722118     
   33.135828395709893     
   33.215830395759895     
   36.235905897647442     
   36.308407710192753     
   36.355908897722443     
   57.741443536088404     
   57.806445161129027     
   27.383184579614490     
   27.450686267156680     
   27.490687267181681     
   56.908922723068073     
   56.951423785594642     
   86.657166429160725     
   86.747168679216983     
   96.662416560414016     
   96.737418435460881     
   12.780319507987700     
   12.937823445586140     
   78.926973174329362     
   79.059476486912175     
  0.13250331258281456     
   8.7027175679391977     
   8.7802195054876364     
   60.719017975449390     
   60.741518537963451     
   8.1177029425735636     
   8.1627040676016893     
   10.582764569114229     
   10.705267631690793     
   17.165429135728392     
   17.317932948323708     
   40.933523338083454     
   41.041026025650645     
   44.423610590264758     
   44.511112777819449     
   71.306782669566743     
   71.466786669666746     
   77.596939923498084     
   77.616940423510584     
