   35.544710894217886     
   35.688713774275485     
   38.854777095541913     
   38.952779055581111     
   53.033060661213227     
   53.165063301266024     
   81.399627992559857     
   81.555631112622251     
   50.435008700174002     
   50.555011100222004     
   79.389587791755829     
   79.509590191803838     
   81.531630632612647     
   81.585631712634253     
   97.627952559051181     
   97.661953239064786     
   97.739954799095983     
   99.653993079861593     
   99.801996039920795     
   1.4460289205784116     
   1.5800316006320125     
   23.756475129502590     
   23.844476889537791     
   24.486489729794595     
   24.546490929818596     
   11.056221124422489     
   11.184223684473690     
   15.004300086001720     
   15.044300886017721     
   59.343186863737273     
   59.511190223804476     
   72.857457149142988     
   72.985459709194188     
   83.095661913238260     
   83.175663513270266     
   6.0801216024320484     
   6.2501250025000497     
   8.4941698833976673     
   8.5661713234264685     
   34.024680493609871     
   34.088681773635471     
   37.388747774955498     
   37.544750895017899     
   79.217584351687037     
   79.321586431728633     
   79.539590791815840     
   79.601592031840639     
   93.093861877237543     
   93.237864757295142     
   16.354327086541730     
   16.496329926598531     
   94.483889677793556     
   94.617892357847154     
   1.1740234804696095     
   1.1940238804776095     
   38.296765935318703     
   38.354767095341906     
   41.240824816496328     
   41.306826136522730     
   60.783215664313289     
   60.943218864377286     
   88.981779635592716     
   89.081781635632709     
   95.659913198263965     
   95.699913998279968     
   50.729014580291604     
   50.815016300326008     
   22.316446328926578     
   22.352447048940977     
   80.413608272165447     
   80.487609752195041     
  0.10600212004240085     
   6.3681273625472512     
   6.5121302426048517     
   19.160383207664154     
   19.272385447708952     
   36.890737814756292     
   37.012740254805095     
   50.607012140242801     
   50.649012980259606     
   50.777015540310806     
   65.439308786175729     
   65.541310826216531     
   86.791735834716690     
   86.823736474729500     
   98.039960799215990     
   98.129962599251982     
   29.968599371987441     
   30.096601932038642     
   75.351507030140610     
   75.453509070181397     
   85.259705194103887     
   85.417708354167090     
   93.165863317266343     
   93.307866157323147     
   6.1001220024400489     
   6.1501230024600488     
   14.244284885697715     
   14.274285485709715     
   80.899617992359850     
   81.017620352407050     
   8.5061701234024678     
   8.5781715634312690     
   27.810556211124222     
   27.878557571151422     
   31.060621212424248     
   31.150623012460247     
   45.600912018240365     
   45.760915218304369     
   7.1861437228744576     
   7.3481469629392588     
   23.938478769575390     
   24.026480529610591     
   51.029020580411611     
   51.121022420448412     
   54.073081461629229     
   54.205084101682033     
   68.183363667273341     
   68.285365707314142     
   82.223644472889461     
   82.387647752955061     
   32.368647372947457     
   32.530650613012263     
   34.740694813896276     
   34.792695853917081     
   52.803056061121225     
   52.925058501170021     
   89.673793475869516     
   89.743794875897521     
   9.0541810836216730     
   9.1061821236424727     
   14.524290485809717     
   14.584291685833717     
   23.190463809276185     
   23.258465169303385     
   23.362467249344988     
   26.084521690433810     
   26.228524570491409     
   70.193403868077368     
   70.321406428128569     
   66.287325746514924     
   66.329326586531735     
   44.186883737674755     
   44.194883897677954     
   69.295385907718156     
   69.409388187763753     
   73.785475709514188     
   73.913478269565388     
   95.027900558011154     
   95.039900798015964     
   39.516790335806718     
   39.582791655833120     
   2.0980419608392169     
   2.2520450409008181     
   12.940258805176104     
   13.042260845216905     
   14.040280805616112     
   14.142282845656913     
   21.058421168423369     
   21.194423888477768     
   37.542750855017097     
   37.622752455049103     
   8.6421728434568692     
   8.7341746834936700     
   8.7561751235024694     
   32.160643212864258     
   32.290645812916260     
   39.234784695693911     
   39.370787415748318     
   46.242924858497169     
   46.354927098541971     
   75.803516070321407     
   75.875517510350207     
   42.624852497049943     
   42.696853937078743     
   58.741174823496472     
   58.913178263565271     
   61.899237984759694     
   62.007240144802893     
   89.805796115922320     
   89.955799115982316     
   6.3021260425208503     
   6.4241284825696514     
   25.606512130242606     
   25.734514690293807     
   32.418648372967461     
   32.488649772995458     
   35.008700174003479     
   35.116702334046678     
   48.822976459529194     
   48.922978459569194     
   97.753955079101587     
   97.839956799135976     
   37.476749534990702     
   37.552751055021098     
   57.621152423048464     
   57.689153783075660     
   92.513850277005545     
   92.631852637052745     
   45.890917818356364     
   45.962919258385170     
   75.769515390307802     
   75.861517230344603     
   9.7221944438888777     
   9.8041960839216777     
   15.698313966279326     
   15.772315446308927     
   27.124542490849816     
   27.260545210904219     
   38.140762815256302     
   38.222764455289109     
   88.873777475549517     
   88.915778315566314     
   54.961099221984441     
   55.099101982039642     
   65.561311226224518     
   65.617312346246919     
   94.371887437748754     
   94.487889757795159     
   23.358467169343388     
   23.502470049400987     
   66.209324186483727     
   66.371327426548532     
   71.503430068601375     
   71.569431388627777     
   74.077481549630988     
   74.195483909678188     
   23.806476129522590     
   23.900478009560192     
   28.494569891397827     
   28.562571251425027     
   54.593091861837237     
   54.647092941858837     
   69.553391067821352     
   69.661393227864551     
   80.171603432068636     
   80.343606872137443     
   19.454389087781756     
   19.482389647792957     
   19.560391207824157     
   69.143382867657351     
   69.247384947698947     
   84.259685193703874     
   84.353687073741469     
   84.387687753755074     
   84.453689073781476     
   87.129742594851891     
   87.313746274925492     
   32.736654733094660     
   32.882657653153061     
   6.5801316026320524     
   6.7161343226864538     
   31.918638372767454     
   32.040640812816257     
   33.300666013320267     
   33.396667933358664     
   35.884717694353888     
   36.012720254405089     
   47.918958379167584     
   48.014960299205981     
   96.755935118702368     
   96.845936918738374     
   51.675033500670011     
   51.779035580711614     
   55.607112142242848     
   55.759115182303645     
   71.931438628772582     
   72.031440628812575     
   3.7440748814976299     
   3.8540770815416310     
   31.818636372727454     
   31.858637172743453     
   35.562711254225086     
   35.608712174243486     
   38.112762255245102     
   38.198763975279505     
   43.532870657413149     
   43.648872977459547     
   83.807676153523076     
   83.867677353547066     
   1.0960219204384087     
   1.1900238004760095     
   8.8221764435288712     
   8.8541770835416713     
   45.962919258385170     
   46.118922378447571     
   48.450969019380388     
   48.514970299405988     
   57.587151743034859     
   57.659153183063658     
   71.697433948678977     
   71.831436628732575     
   81.543630872617456     
   81.683633672673452     
   99.415988319766399     
   99.541990839816791     
   5.3201064021280429     
   5.4321086421728433     
   55.785115702314044     
   55.847116942338850     
   69.483389667793361     
   69.509390187803760     
   79.417588351767037     
   79.501590031800632     
   84.525690513810275     
   84.619692393847870     
   2.9360587211744233     
   2.9440588811776234     
   5.5901118022360450     
   5.6821136422728458     
   5.7401148022960458     
   12.632252645052901     
   12.680253605072101     
   20.204404088081763     
   20.288405768115361     
   52.259045180903620     
   52.411048220964418     
   67.359347186943737     
   67.419348386967741     
   72.335446708934185     
   72.487449748994976     
   81.767635352707060     
   81.909638192763850     
   85.591711834236690     
   85.657713154263092     
   8.9401788035760710     
   11.602232044640893     
   11.700234004680093     
   14.206284125682513     
   14.306286125722515     
   40.546810936218726     
   40.622812456249122     
   40.660813216264323     
   40.738814776295527     
   42.806856137122743     
   42.860857217144343     
   47.300946018920378     
   47.366947338946780     
   59.091181823636475     
   59.239184783695677     
   28.938578771575433     
   29.074581491629832     
   54.511090221804437     
   54.637092741854836     
   63.429268585371709     
   63.599271985439707     
   33.838676773535468     
   33.878677573551471     
   33.936678733574674     
   80.617612352247050     
   80.737614752295045     
   84.705694113882274     
   84.853697073941476     
   99.591991839836794     
   99.659993199863990     
   11.524230484609692     
   11.584231684633693     
   24.306486129722593     
   24.430488609772194     
   28.924578491569832     
   28.972579451589031     
   32.068641372827457     
   32.124642492849858     
   42.550851017020342     
   42.608852177043538     
   85.437708754175077     
   85.529710594211878     
   14.056281125622512     
   14.170283405668114     
   15.288305766115322     
   15.472309446188923     
   18.594371887437749     
   18.738374767495351     
   27.116542330846617     
   27.206544130882616     
   27.216544330886617     
   53.177063541270826     
   53.297065941318827     
   63.227264545290907     
   63.309266185323708     
   81.577631552631047     
   81.711634232684659     
   21.104422088441769     
   21.240424808496169     
   50.029000580011598     
   50.139002780055598     
   93.191863837276742     
   93.327866557331149     
   64.957299145982915     
   65.029300586011715     
   68.907378147562952     
   69.087381747634950     
   74.749494989899802     
   74.811496229924600     
   84.897697953959081     
   85.005700114002281     
   44.808896177923558     
   44.940898817976361     
   52.711054221084424     
   52.869057381147620     
   87.385747714954306     
   87.471749434988695     
   99.953999079981600     
   17.108342166843336     
   17.170343406868138     
   23.090461809236185     
   23.136462729254585     
   38.012760255205102     
   38.072761455229106     
   62.061241224824499     
   62.107242144842900     
   80.539610792215839     
   80.607612152243050     
   10.920218404368088     
   10.974219484389687     
   99.569991399827998     
   99.721994439888803     
   4.2900858017160344     
   4.4340886817736358     
   22.438448768975380     
   22.548450969019381     
   52.109042180843616     
   52.275045500910018     
   53.353067061341228     
   53.431068621372425     
   55.461109222184440     
   55.633112662253247     
   57.071141422828454     
   57.155143102862056     
   16.632332646652934     
   16.710334206684134     
   64.271285425708513     
   64.415288305766111     
   83.201664033280665     
   83.331666633332674     
   92.345846916938342     
   92.489849796995941     
   93.149862997259945     
   93.227864557291142     
   29.482589651793035     
   26.182523650473009     
   26.288525770515410     
   45.214904298085962     
   45.302906058121160     
   22.180443608872178     
   22.310446208924180     
   22.312446248924978     
   24.120482409648194     
   24.192483849676993     
   83.825676513530269     
   83.955679113582278     
   64.379287585751712     
   64.443288865777319     
   67.489349786995746     
   67.573351467029340     
   74.213484269685395     
   74.281485629712591     
   74.339486789735801     
   87.769755395107907     
   87.907758155163108     
   90.465809316186323     
   90.615812316246320     
   97.795955919118384     
   97.881957639152787     
   18.946378927578550     
   19.060381207624154     
   81.015620312406242     
   81.141622832456648     
   91.117822356447135     
   91.291825836516736     
   99.691993839876801     
   99.821996439928796     
   33.286665733314663     
   33.394667893357870     
   68.747374947498955     
   68.869377387547758     
   96.303926078521570     
   96.473929478589568     
   19.892397847956961     
   19.946398927978560     
   42.100842016840339     
   42.228844576891539     
   78.819576391527832     
   78.927578551571031     
   41.494829896597935     
   41.550831016620336     
   42.486849736994742     
   42.650853017060342     
   73.047460949218987     
   73.165463309266187     
   2.9360587211744233     
   3.0200604012080241     
   25.022500450009002     
   25.160503210064203     
   60.149202984059684     
   60.261205224104479     
   11.694233884677693     
   11.738234764695294     
   39.210784215684313     
   39.370787415748318     
   53.227064541290822     
   53.291065821316430     
   54.745094901898035     
   54.821096421928438     
   11.164223284465690     
   11.266225324506490     
   26.804536090721815     
   26.918538370767415     
   31.942638852777055     
   32.014640292805858     
   38.602772055441108     
   38.726774535490712     
   50.725014500290008     
   50.809016180323610     
   70.689413788275772     
   70.865417308346167     
   78.049560991219820     
   78.077561551231028     
   78.199563991279831     
   30.108602172043440     
   30.160603212064242     
   70.065401308026154     
   70.163403268065366     
   72.665453309066180     
   72.783455669113380     
   73.575471509430187     
   73.705474109482196     
   94.047880957619157     
   94.139882797655957     
   19.052381047620951     
   19.106382127642554     
   35.936718734374686     
   36.064721294425887     
   75.909518190363812     
   75.989519790395804     
   94.799895997919961     
   94.845896917938362     
   97.481949638992774     
   97.635952719054387     
   99.499989999799993     
   99.585991719834396     
   36.706734134682691     
   36.812736254725095     
   49.546990939818798     
   49.690993819876397     
   70.933418668373363     
   71.037420748414974     
   21.500430008600173     
   29.530590611812237     
   29.592591851837035     
   59.285185703714077     
   59.345186903738075     
   98.789975799515986     
   98.897977959559185     
   63.545270905418107     
   63.669273385467712     
   68.631372627452549     
   68.639372787455756     
   68.757375147502955     
   75.299505990119798     
   75.353507070141404     
   80.823616472329448     
   80.937618752375045     
   15.678313566271326     
   15.740314806296126     
   20.452409048180964     
   20.546410928218563     
   25.824516490329806     
   25.890517810356208     
   25.966519330386607     
   74.181483629672599     
   74.297485949718990     
   85.729714594291892     
   85.851717034340680     
   18.702374047480948     
   18.798375967519352     
   91.069821396427926     
   91.155823116462329     
   95.619912398247962     
   95.787915758315165     
   9.6021920438408763     
   9.7061941238824776     
   12.902258045160902     
   12.934258685173704     
   54.623092461849239     
   54.785095701914038     
   92.423848476969539     
   92.475849516990337     
   7.4741494829896595     
   7.5441508830176600     
   44.682893657873159     
   44.822896457929161     
   63.281265625312507     
   63.387267745354904     
   64.493289865797323     
   64.583291665833315     
   70.423408468169370     
   70.561411228224571     
   34.770695413908278     
   34.834696693933878     
   50.939018780375605     
   50.961019220384408     
   68.371367427348545     
   68.469369387387744     
   83.081661633232670     
   83.209664193283871     
   74.943498869977404     
   74.975499509990200     
  0.50401008020160398     
  0.66801336026720537     
   6.1701234024680494     
   6.3061261225224507     
   6.3261265225304504     
   8.3741674833496678     
   8.4121682433648672     
   8.5121702434048689     
   9.5061901238024760     
   9.5481909638192768     
   39.864797295945920     
   39.918798375967519     
   41.774835496709933     
   41.812836256725134     
   53.535070701414028     
   53.675073501470031     
   60.635212704254087     
   60.765215304306089     
   98.939978799575997     
   99.011980239604796     
   9.0001800036000723E-002
   54.409088181763636     
   54.555091101822036     
   58.581171623432468     
   58.683173663473269     
   66.363327266545326     
   66.471329426588525     
   93.443868877377554     
   93.477869557391145     
   89.957799155983125     
   90.103802076041518     
   5.0381007620152403     
   5.1081021620432407     
   17.554351087021740     
   17.720354407088141     
   24.532490649812996     
   24.656493129862596     
   39.928798575971520     
   40.028800576011520     
   78.207564151283023     
   78.305566111322221     
   6.5421308426168521     
   6.6721334426688532     
   10.628212564251285     
   26.998539970799417     
   27.066541330826617     
   27.826556531130624     
   27.954559091181824     
   34.206684133682671     
   34.282685653713074     
   34.356687133742675     
   91.789835796715934     
   91.925838516770341     
   9.5001900038000766     
   9.6681933638672781     
   29.254585091701834     
   29.324586491729836     
   44.184883697673953     
   44.270885417708357     
   59.117182343646874     
   59.235184703694074     
   65.651313026260524     
   65.807316146322933     
   78.989579791595830     
   79.149582991659827     
   92.781855637112741     
   92.887857757155146     
   10.880217604352087     
   10.946218924378488     
   35.600712014240287     
   35.644712894257886     
   56.871137422748454     
   56.965139302786056     
   71.789435788715778     
   71.803436068721368     
   13.218264365287306     
   13.358267165343307     
   14.434288685773716     
   14.540290805816117     
   17.102342046840938     
   17.232344646892937     
   38.736774735494713     
   38.876777535550708     
   42.852857057141144     
   42.978859577191542     
   78.713574271485427     
   78.785575711514227     
   79.177583551671034     
   8.3021660433208666     
   8.3781675633512673     
   12.924258485169704     
   13.080261605232105     
   24.600492009840195     
   24.732494649892999     
   25.448508970179404     
   25.558511170223404     
   36.292725854517087     
   36.358727174543489     
   78.275565511310219     
   78.335566711334224     
   29.726594531890637     
   29.896597931958638     
   99.253985079701593     
   99.367987359747190     
   23.878477569551389     
   24.000480009600192     
   28.478569571391429     
   28.552571051421030     
   16.698333966679332     
   16.826336526730536     
   35.570711414228285     
   35.680713614272285     
   52.873057461149223     
   53.017060341206822     
   65.711314226284529     
   65.775315506310122     
   86.137722754455083     
   86.247724954499091     
   96.349926998539971     
   96.431928638572771     
   96.467929358587170     
   70.507410148202965     
   70.547410948218968     
   71.857437148742974     
   71.919438388767773     
   71.965439308786173     
   40.686813736274722     
   40.802816056321127     
   62.949258985179704     
   63.097261945238905     
   67.277345546910936     
   67.413348266965343     
   97.471949438988773     
   97.549950999019984     
  0.12800256005120103     
   92.429848596971937     
   92.519850397007943     
   65.189303786075726     
   65.311306226124529     
   78.185563711274227     
   78.277565551311028     
   78.937578751575032     
   78.967579351587034     
   91.721834436688738     
   91.835836716734335     
   37.528750575011500     
   37.644752895057898     
   65.177303546070917     
   65.271305426108526     
   70.665413308266167     
   70.779415588311764     
   12.128242564851297     
   12.268245364907298     
   68.289365787315745     
   68.389367787355752     
   71.395427908558176     
   71.533430668613377     
   30.710614212284245     
   30.734614692293846     
   34.656693133862674     
   34.740694813896276     
   48.998979979599589     
   49.078981579631595     
   73.261465229304591     
   73.333466669333390     
   86.739734794695892     
   86.825736514730295     
   2.4300486009720195     
   2.4980499609992202     
   61.659233184663691     
   69.795395907918163     
   69.911398227964554     
   70.835416708334165     
   70.917418348366965     
   77.455549110982219     
   77.601552031040626     
   37.174743494869901     
   37.240744814896296     
   64.181283625672521     
   64.197283945678919     
   78.403568071361434     
   78.531570631412634     
   92.835856717134348     
   92.959859197183945     
   9.3081861637232741     
   9.4861897237944763     
   33.222664453289063     
   33.248664973299469     
   71.605432108642177     
   71.677433548670976     
   71.949438988779775     
   71.993439868797381     
   38.900778015560313     
   39.018780375607513     
   39.064781295625913     
   40.426808536170725     
   40.472809456189125     
   52.699053981079622     
   52.881057621152422     
   91.397827956559127     
   91.489829796595927     
   15.946318926378527     
   16.044320886417729     
   53.793075861517231     
   53.969079381587633     
   60.271205424108480     
   60.299205984119681     
   7.9781595631912641     
   8.0721614432288646     
   27.266545330906617     
   27.296545930918619     
   39.882797655953119     
   39.906798135962717     
   40.462809256185125     
   40.568811376227522     
   23.920478409568190     
   24.000480009600192     
   76.551531030620609     
   76.719534390687812     
   85.253705074101475     
   85.413708274165487     
   93.719874397487956     
   93.829876597531950     
   8.0001600032000644E-002
   34.048680973619476     
   34.176683533670676     
   75.149502990059801     
   75.323506470129402     
   81.271625432508657     
   81.321626432528646     
   83.183663673273472     
   83.285665713314273     
   91.825836516730334     
   91.915838316766340     
   97.109942198843981     
   97.225944518890373     
   1.5540310806216124     
   62.483249664993302     
   62.639252785055703     
   85.567711354227086     
   99.983999679993602     
   17.008340166803336     
   38.530770615412308     
   38.664773295465906     
   65.809316186323727     
   65.853317066341333     
   84.441688833776681     
   84.543690873817482     
   2.2500450009000179     
   2.2940458809176185     
   16.504330086601733     
   16.542330846616931     
   4.5300906018120362     
   4.7140942818856377     
   20.662413248264965     
   20.802416048320968     
   48.058961179223587     
   48.164963299265985     
   92.941858837176738     
   93.103862077241544     
  0.12800256005120103     
   29.876597531950640     
   29.970599411988239     
   35.922718454369090     
   36.052721054421092     
   16.086321726434530     
   16.160323206464128     
   40.788815776315523     
   40.880817616352324     
   65.365307306146121     
   65.517310346206926     
   70.921418428368568     
   71.057421148422975     
   62.735254705094100     
   62.875257505150103     
   96.871937438748773     
   97.005940118802371     
   12.702254045080903     
   12.766255325106503     
   19.410388207764154     
   19.464389287785757     
   49.672993459869197     
   49.786995739914801     
   11.000220004400088     
   11.104222084441689     
   33.326666533330666     
   33.448668973379469     
   50.987019740394807     
   51.035020700414009     
   55.493109862197244     
   55.587111742234846     
   96.001920038400769     
   96.101922038440762     
   77.165543310866212     
   77.307546150923017     
   85.299705994119876     
   85.415708314166281     
   23.700474009480189     
   23.778475569511389     
   85.833716674333488     
   85.925718514370288     
   1.8700374007480149     
   1.9880397607952158     
   14.204284085681714     
   14.296285925718514     
   46.530930618612373     
   46.668933378667575     
   56.571131422628454     
   56.685133702674051     
   17.672353447068943     
   17.748354967099342     
   20.594411888237765     
   20.660413208264167     
   67.671353427068539     
   67.759355187103736     
   2.9560591211824239     
   3.0640612812256247     
   17.494349886997739     
   17.628352567051341     
   31.336626732534651     
   31.412628252565050     
   33.036660733214667     
   33.194663893277863     
   43.902878057561153     
   43.978879577591549     
   44.142882857657156     
   44.204884097681955     
   1.7580351607032141     
   1.9040380807616153     
   14.132282645652912     
   14.230284605692114     
   66.503330066601336     
   66.661333226664539     
   72.723454469089376     
   72.827456549130986     
   98.905978119562391     
   98.959979199583998     
   9.2701854037080746     
   9.3401868037360742     
   10.254205084101683     
   10.408208164163284     
   24.236484729694595     
   24.338486769735393     
   65.177303546070917     
   65.361307226144518     
   22.880457609152185     
   23.000460009200182     
   48.818976379527591     
   48.874977499549992     
   66.073321466429334     
   66.103322066441322     
   66.169323386467724     
   68.693373867477348     
   68.745374907498146     
   89.195783915678319     
   89.315786315726314     
  0.82601652033040662     
  0.89001780035600708     
   12.234244684893698     
   12.322246444928899     
   32.712654253085063     
   32.724654493089865     
   36.930738614772295     
   36.968739374787496     
   38.434768695373904     
   38.460769215384310     
   50.331006620132399     
   50.503010060201206     
   53.923078461569233     
   54.009080181603629     
   67.881357627152539     
   67.955359107182147     
   88.469769395387914     
   88.567771355427112     
   86.299725994519889     
   86.309726194523890     
   97.999959999199987     
   98.087961759235185     
   98.097961959239186     
   15.574311486229725     
   15.678313566271326     
   50.095001900038000     
   50.143002860057202     
   71.075421508430168     
   71.155423108462173     
   71.269425388507770     
   76.093521870437414     
   76.221524430488614     
   95.563911278225561     
   95.663913278265568     
   5.7961159223184460     
   5.9181183623672471     
   25.692513850277006     
   25.824516490329806     
   27.334546690933820     
   27.394547890957821     
   44.078881577631556     
   44.202884057681153     
   72.987459749194983     
   73.071461429228592     
   73.095461909238182     
   76.801536030720612     
   76.899537990759811     
   94.211884237684757     
   94.305886117722352     
   11.474229484589692     
   11.554231084621692     
   34.314686293725877     
   34.404688093761877     
   18.560371207424147     
   18.710374207484151     
   20.210404208084160     
   20.236404728094563     
   48.276965539310787     
   48.348966979339586     
   49.790995819916397     
   49.816996339926796     
   63.065261305226102     
   63.131262625252504     
   74.739494789895801     
   74.783495669913393     
  0.10200204004080081     
   97.815956319126386     
   97.903958079161583     
   13.526270525410508     
   13.550271005420109     
   26.642532850657012     
   26.674533490669813     
   26.964539290785815     
   27.066541330826617     
   71.563431268625379     
   71.613432268645369     
   84.413688273765473     
   84.513690273805480     
   9.7061941238824776     
   9.8701974039480795     
   41.792835856717133     
   41.856837136742733     
   56.149122982459652     
   56.267125342506851     
   60.519210384207682     
   60.615212304246086     
   19.802396047920958     
   19.882397647952960     
   22.538450769015380     
   22.674453489069780     
   54.563091261825235     
   54.605092101842040     
   91.357827156543138     
   91.407828156563127     
   11.906238124762496     
   11.998239964799296     
   38.860777215544310     
   38.866777335546708     
   38.968779375587509     
   78.079561591231823     
   78.189563791275830     
   11.634232684653693     
   11.726234524690494     
   13.954279085581712     
   14.088281765635312     
   26.994539890797817     
   27.104542090841818     
   50.285005700113999     
   50.395007900158006     
   50.433008660173201     
   74.873497469949399     
   74.945498909978198     
   89.891797835956723     
   90.055801116022323     
   2.5440508810176206     
   2.6720534410688215     
   53.167063341266825     
   53.263065261305229     
   59.053181063621274     
   59.089181783635674     
   77.487549750995015     
   77.565551311026226     
   19.500390007800156     
   19.602392047840958     
   40.234804696093924     
   40.336806736134726     
   81.167623352467047     
   81.183623672473445     
   11.954239084781696     
   12.086241724834498     
   37.754755095101899     
   37.844756895137905     
   43.048860977219547     
   43.090861817236345     
   53.953079061581235     
   54.069081381627633     
   72.229444588891781     
   72.353447068941378     
   98.697973959479185     
   98.743974879497586     
   32.274645492909855     
   32.338646772935462     
   37.192743854877101     
   37.354747094941899     
   37.608752175043499     
   37.700754015080300     
   37.712754255085102     
   49.172983459669190     
   49.278985579711595     
   50.785015700314005     
   50.893017860357205     
   54.849096981939638     
   54.927098541970842     
   54.997099941998840     
   55.019100382007643     
   83.001660033200665     
   83.077661553231067     
   96.815936318726372     
   96.903938078761570     
   11.942238844776895     
   12.036240724814496     
   21.356427128542570     
   21.412428248564972     
   26.852537050741013     
   26.882537650753015     
   30.196603932078641     
   30.282605652113041     
   37.752755055101105     
   37.836756735134699     
   68.285365707314142     
   68.347366947338941     
   3.3600672013440267     
   3.4900698013960278     
   15.464309286185724     
   57.741154823096458     
   57.841156823136465     
   57.931158623172465     
   2.0720414408288166     
   2.1280425608512172     
   5.1761035220704414     
   5.2001040020800415     
   5.2961059221184428     
   46.508930178603570     
   46.618932378647571     
   75.563511270225405     
   75.683513670273399     
   34.830696613932275     
   34.888697773955478     
   38.308766175323505     
   38.432768655373110     
   43.884877697553954     
   44.024880497609949     
   63.683273665473308     
   63.739274785495709     
   15.574311486229725     
   15.680313606272126     
   34.686693733874677     
   34.844696893937879     
   1.8840376807536150     
   2.0000400008000159     
   43.394867897357948     
   43.522870457409148     
   95.651913038260759     
   95.719914398287969     
   99.735994719894393     
   99.795995919918397     
   14.140282805656113     
   14.254285085701714     
   18.802376047520951     
   18.848376967539352     
   18.952379047580951     
   56.349126982539651     
   56.433128662573253     
   67.577351547030943     
   67.687353747074937     
   71.803436068721368     
   21.076421528430568     
   21.124422488449770     
   25.484509690193804     
   25.606512130242606     
   29.032580651613031     
   29.152583051661033     
   32.946658933178661     
   33.070661413228265     
   50.211004220084405     
   50.277005540110800     
   58.207164143282867     
   58.333166663333266     
   21.174423488469770     
   21.324426488529770     
   65.525310506210118     
   65.659313186263731     
   74.407488149762997     
   74.585491709834201     
  0.11600232004640093     
   19.044380887617752     
   19.184383687673755     
   37.280745614912298     
   37.316746334926698     
   65.187303746074917     
   65.239304786095715     
   65.551311026220517     
   65.665313306266128     
   92.983859677193550     
   93.063861277225541     
   19.866397327946558     
   19.916398327966558     
   66.615332306646138     
   66.769335386707738     
   67.737354747094940     
   67.903358067161349     
   68.005360107202151     
   68.169363387267751     
   69.285385707714156     
   69.361387227744558     
   70.995419908398162     
   71.145422908458173     
   75.083501670033399     
   75.171503430068597     
   77.355547110942226     
   77.409548190963818     
   23.870477409548190     
   23.996479929598593     
   56.205124102482053     
   56.317126342526848     
   56.361127222544454     
   92.519850397007943     
   92.543850877017547     
   12.890257805156104     
   13.038260765215304     
   18.714374287485750     
   18.754375087501749     
   88.867777355547105     
   88.883777675553517     
   3.2240644812896257     
   3.2920658413168264     
   67.833356667133344     
   67.949358987179750     
   84.349686993739880     
   84.473689473789477     
   31.972639452789057     
   32.150643012860257     
   54.645092901858035     
   54.781095621912435     
   12.488249764995301     
   12.556251125022500     
   21.200424008480169     
   21.262425248504972     
   82.639652793055859     
   82.783655673113458     
   24.034480689613794     
   24.102482049640994     
   25.300506010120202     
   25.348506970139404     
   62.571251425028500     
   62.655253105062101     
   77.153543070861417     
   77.179543590871816     
   8.8141762835256703     
   8.9021780435608715     
   60.351207024140486     
   60.401208024160482     
  0.61801236024720496     
  0.70801416028320563     
   8.2961659233184673     
   8.3221664433288662     
   79.087581751635028     
   79.191583831676638     
   81.927638552771057     
   82.039640792815860     
   82.051641032820655     
   29.014580291605832     
   29.092581851637032     
   79.553591071821430     
   79.751595031900635     
   97.347946958939175     
   97.409948198963974     
   97.473949478989582     
   7.8081561631232628     
   7.9161583231664636     
   28.624572491449829     
   28.706574131482629     
   38.952779055581111     
   39.034780695613911     
   50.559011180223607     
   50.729014580291604     
   57.671153423068461     
   57.819156383127662     
   62.043240864817299     
   62.099241984839693     
   59.549190983819678     
   59.711194223884476     
   12.430248604972100     
   12.554251085021701     
   30.816616332326646     
   30.916618332366646     
   33.100662013240267     
   33.176663533270663     
   44.710894217884359     
   44.740894817896361     
   85.073701474029477     
   85.183703674073485     
   32.738654773095462     
   32.792655853117061     
   3.6860737214744295     
   3.6940738814776295     
   72.113442268845375     
   72.235444708894178     
   76.093521870437414     
   76.207524150483010     
   87.577751555031099     
   87.707754155083109     
   94.053881077621554     
   94.175883517670357     
   4.1280825616512331     
   4.2560851217024345     
   34.368687373747477     
   34.482689653793074     
   36.370727414548291     
   36.508730174603492     
   57.579151583031660     
   57.647152943058863     
   26.890537810756214     
   26.902538050761017     
   26.980539610792217     
   37.682753655073100     
   37.792755855117100     
   62.361247224944499     
   62.471249424988500     
   31.868637372747454     
   31.984639692793856     
   48.848976979539593     
   48.984979699593993     
   74.969499389987803     
   75.087501750035003     
   78.311566231324633     
   78.405568111362228     
   15.310306206124123     
   15.450309006180124     
   62.209244184883701     
   62.321246424928496     
   77.025540510810217     
   77.133542670853416     
   85.125702514050275     
   85.221704434088679     
   95.657913158263170     
   95.735914718294367     
   95.775915518310370     
   33.418668373367467     
   96.159923198463972     
   96.249924998499964     
   96.351927038540765     
   28.740574811496231     
   28.846576931538632     
   84.873697473949477     
   85.021700434008679     
   87.535750715014302     
   87.685753715074298     
   31.724634492689855     
   31.898637972759456     
   64.431288625772510     
   64.595291905838110     
   99.547990959819202     
   99.599991999840000     
   7.4501490029800594     
   7.5301506030120606     
   9.9861997239944795     
   10.124202484049681     
   11.876237524750495     
   12.022240444808896     
   23.396467929358586     
   23.534470689413787     
   40.366807336146721     
   40.488809776195524     
   47.204944098881981     
   47.262945258905177     
   71.513430268605376     
   71.653433068661371     
   41.464829296585933     
   41.572831456629132     
   76.201524030480613     
   76.323526470529416     
   17.130342606852135     
   17.204344086881736     
   25.690513810276205     
   25.724514490289806     
   35.760715214304284     
   35.824716494329884     
   54.115082301646034     
   54.193083861677231     
   58.565171303426069     
   58.703174063481271     
   58.921178423568470     
   59.011180223604470     
   59.019180383607669     
   71.383427668553367     
   71.501430028600566     
   83.281665633312670     
   83.327666553331071     
   7.4161483229664595     
   7.4921498429968603     
   77.141542830856622     
   77.289545790915824     
   31.264625292505851     
   31.290625812516250     
   35.554711094221886     
   35.640712814256283     
   59.585191703834077     
   59.681193623872474     
   91.927838556771135     
   92.049840996819938     
   6.0941218824376486     
   6.2441248824976503     
   10.038200764015281     
   10.160203204064080     
   45.156903138062759     
   45.242904858097162     
   69.163383267665353     
   69.315386307726158     
   7.0001400028000565E-002
   7.2461449228984582     
   7.3761475229504594     
   9.1421828436568724     
   9.2521850437008748     
   26.016520330406607     
   26.170523410468210     
   68.723374467489350     
   70.887417748354963     
   70.981419628392572     
   85.835716714334282     
   85.865717314346284     
   4.0980819616392328     
   4.1460829216584330     
   8.3261665233304658     
   8.4161683233664668     
   97.467949358987184     
   97.547950959019175     
   98.439968799375990     
   98.583971679433589     
   4.3320866417328343     
   4.3980879617592352     
   32.544650893017860     
   32.648652973059463     
   69.851397027940564     
   69.975399507990161     
   77.917558351167017     
   77.977559551191021     
   32.710654213084261     
   32.802656053121062     
   66.277325546510937     
   66.399327986559726     
   16.740334806696133     
   16.830336606732136     
   69.171383427668559     
   69.219384387687754     
   90.509810196203929     
   90.595811916238318     
   16.250325006500130     
   16.358327166543329     
   65.795315906318123     
   65.865317306346128     
   69.317386347726952     
   69.457389147782962     
   84.407688153763075     
   84.521690433808672     
   95.971919438388767     
   96.079921598431966     
   24.300486009720196     
   24.402488049760994     
   90.149802996059918     
   90.299805996119929     
   53.945078901578029     
   54.113082261645232     
   62.885257705154103     
   63.043260865217306     
   33.384667693353869     
   33.450669013380271     
   34.384687693753875     
   34.468689373787477     
   49.568991379827594     
   49.590991819836397     
   49.734994699893996     
   41.324826496529930     
   41.384827696553934     
   90.729814596291931     
   90.803816076321525     
   91.989839796795934     
   92.083841676833543     
   25.940518810376208     
   26.060521210424209     
   83.121662433248659     
   83.257665153303066     
   83.597671953439075     
   83.731674633492673     
   13.468269365387307     
   13.560271205424108     
   16.030320606412129     
   16.034320686413729     
   51.493029860597211     
   51.559031180623613     
   56.157123142462851     
   56.237124742494849     
   59.683193663873276     
   59.779195583911680     
   72.143442868857377     
   72.267445348906975     
   99.881997639952800     
   9.7021940438808780     
   9.8201964039280778     
   37.026740534810699     
   37.176743534870695     
   43.104862097241941     
   43.210864217284346     
   80.755615112302252     
   80.907618152363042     
   98.755975119502395     
   98.837976759535195     
   5.3081061621232424     
   5.3921078421568431     
   7.5801516030320606     
   7.6541530830616615     
   28.958579171583430     
   29.062581251625033     
   40.054801096021919     
   40.230804616092321     
   79.991599831996638     
   80.129602592051839     
   54.317086341726835     
   54.443088861777234     
   3.5020700414008279     
   3.5840716814336289     
   4.6360927218544372     
   4.7060941218824377     
   24.454489089781795     
   24.516490329806597     
   18.840376807536149     
   18.934378687573751     
   20.924418488369767     
   20.998419968399368     
   48.502970059401186     
   48.640972819456387     
   56.323126462529252     
   56.375127502550050     
   16.618332366647333     
   16.724334486689735     
   84.991699833996677     
   85.069701394027874     
   87.491749834996696     
   87.607752155043102     
   99.633992679853591     
   99.781995639912793     
   55.869117382347646     
   55.921118422368444     
   65.127302546050927     
   65.183303666073328     
   78.285565711314220     
   78.411568231364626     
   88.733774675493507     
   88.851777035540707     
   95.905918118362365     
   96.065921318426362     
   37.952759055181104     
   38.066761335226701     
   89.537790755815109     
   89.595791915838319     
   10.634212684253685     
   10.672213444268886     
   11.466229324586491     
   11.532230644612893     
   36.422728454569089     
   36.504730094601889     
   80.461609232184642     
   80.543610872217442     
   14.084281685633712     
   14.126282525650513     
   57.203144062881258     
   57.305146102922059     
  0.69001380027600556     
  0.86001720034400686     
   4.7460949218984378     
   4.8260965219304390     
   16.618332366647333     
   16.740334806696133     
   94.637892757855155     
   94.793895877917564     
   99.723994479889598     
   99.873997479949594     
   16.776335526710533     
   16.914338286765734     
   27.490549810996221     
   27.534550691013820     
   52.731054621092419     
   52.863057261145222     
   74.455489109782192     
   74.559491189823802     
   91.061821236424734     
   91.223824476489526     
   40.014800296005923     
   40.102802056041121     
   40.128802576051520     
   46.374927498549972     
   46.398927978559570     
   47.300946018920378     
   47.468949378987581     
   75.407508150162997     
   75.497509950199003     
   92.383847676953536     
   92.469849396987939     
   7.6721534430688614     
   7.7061541230824613     
   7.7901558031160620     
   22.094441888837778     
   22.156443128862577     
   36.444728894577892     
   36.576731534630696     
   49.772995459909197     
   49.878997579951601     
   66.909338186763733     
   66.963339266785340     
   13.844276885537711     
   13.934278685573711     
   63.383267665353308     
   84.525690513810275     
   84.615692313846282     
   2.5600512010240206     
   2.7000540010800216     
   17.864357287145744     
   17.958359167183342     
   23.070461409228184     
   23.102462049240984     
   63.023260465209304     
   63.099261985239707     
   70.987419748394970     
   71.139422788455775     
   99.981999639992793     
   11.166223324466490     
   11.268225364507289     
   82.171643432868663     
   82.283645672913465     
   13.880277605552111     
   14.030280605612113     
   19.508390167803356     
   19.652393047860958     
   59.639192783855677     
   59.753195063901281     
   70.029400588011754     
   70.119402388047760     
   77.585551711034228     
   77.723554471089429     
   5.0721014420288402     
   5.1481029620592409     
   45.440908818176361     
   45.592911858237166     
   19.844396887937759     
   27.588551771035419     
   27.768555371107421     
   31.956639132782655     
   32.062641252825060     
   72.229444588891781     
   72.363447268945379     
   87.153743074861495     
   87.319746394927904     
   94.247884957699156     
   94.371887437748754     
  0.11000220004400088     
   6.6381327626552533     
   6.7601352027040544     
   57.481149622992461     
   57.657153143062864     
   26.224524490489809     
   26.316526330526610     
   48.464969299385984     
   48.558971179423587     
   57.765155303106063     
   57.871157423148460     
   57.949158983179665     
  0.46600932018640373     
  0.52801056021120418     
   6.4501290025800513     
   6.5001300026000521     
   41.356827136542734     
   41.472829456589132     
   45.208904178083564     
   45.368907378147561     
   71.327426548530966     
   71.361427228544571     
   74.247484949699000     
   74.301486029720593     
   18.120362407248145     
   18.164363287265747     
   10.026200524010481     
   10.096201924038480     
   17.550351007020140     
   17.688353767075341     
   43.832876657533149     
   43.962879257585151     
   52.497049940998821     
   52.639052781055618     
   95.461909238184759     
   95.575911518230370     
   22.138442768855377     
   22.208444168883378     
   93.557871157423151     
   93.639872797455951     
   1.2260245204904099     
   1.2980259605192104     
   87.455749114982297     
   87.567751355027099     
   88.077761555231106     
   88.101762035240711     
   88.205764115282307     
   90.061801236024721     
   90.133802676053520     
   28.206564131282626     
   28.314566291325825     
   2.7980559611192222     
   2.9260585211704235     
   7.3141462829256589     
   7.4261485229704594     
   35.112702254045082     
   35.252705054101085     
   70.279405588111757     
   70.381407628152559     
   73.801476029520586     
   73.869477389547797     
   83.715674313486275     
   83.799675993519870     
   58.991179823596475     
   59.137182743654876     
   39.480789615792318     
   39.564791295825920     
   60.439208784175683     
   60.533210664213286     
   60.637212744254882     
   64.257285145702909     
   64.341286825736518     
   75.935518710374211     
   76.057521150423014     
   49.536990739814797     
   49.602992059841199     
   65.289305786115719     
   65.329306586131722     
   13.614272285445709     
   13.674273485469710     
   39.486789735794716     
   39.550791015820316     
   57.699153983079661     
   57.811156223124463     
   77.347546950939019     
   77.403548070961421     
   27.330546610932220     
   27.380547610952220     
   78.943578871577429     
   79.053581071621437     
   81.799635992719857     
   81.975639512790252     
   6.6901338026760540     
   6.7961359227184541     
   51.565031300626011     
   51.703034060681212     
   72.039440788815782     
   72.119442388847773     
  0.14000280005600113     
   5.5781115622312445     
   5.6621132422648452     
  0.81001620032400645     
  0.90801816036320726     
   25.942518850377006     
   25.978519570391409     
   35.662713254265086     
   35.790715814316286     
   64.079281585631719     
   64.121282425648516     
   12.852257045140902     
   12.968259365187304     
   97.607952159043180     
   97.665953319066375     
   60.749214984299684     
   60.881217624352487     
   70.941418828376570     
   71.015420308406163     
   76.647532950659013     
   76.719534390687812     
   18.818376367527350     
   18.844376887537752     
   56.173123462469249     
   56.289125782515647     
   58.019160383207662     
   58.193163863277263     
   83.867677353547066     
   83.939678793575865     
   97.305946118922378     
   97.359947198943985     
   1.7280345606912138     
   1.8500370007400149     
   60.783215664313289     
   60.835216704334087     
   1.2380247604952099     
   1.3860277205544111     
   15.170303406068122     
   15.234304686093722     
   22.150443008860176     
   22.232444648892979     
   22.250445008900179     
   69.171383427668559     
   69.237384747694961     
   71.931438628772582     
   72.047440948818974     
   95.061901238024760     
   95.211904238084756     
   12.846256925138503     
   12.924258485169704     
   19.400388007760156     
   19.504390087801756     
   29.696593931878638     
   29.722594451889037     
   46.280925618512370     
   46.296925938518768     
   2.7180543610872219     
   2.8400568011360225     
   6.7961359227184541     
   6.9021380427608552     
   20.804416088321766     
   20.892417848356967     
   70.585411708234162     
   70.665413308266167     
   73.939478789575787     
   74.059481189623796     
   92.335846716934341     
   92.395847916958346     
   77.321546430928620     
   77.439548790975820     
   94.501890037800763     
   94.679893597871953     
   10.400208004160083     
   10.504210084201684     
   10.556211124222484     
   30.698613972279446     
   30.850617012340248     
   66.637332746654934     
   66.737334746694927     
   84.901698033960685     
   84.927698553971084     
   96.249924998499964     
   96.347926958539176     
   35.890717814356286     
   35.992719854397087     
   5.4401088021760433     
   5.6001120022400448     
   31.936638732774657     
   31.992639852797055     
   71.249424988499769     
   71.367427348546968     
   92.071841436828734     
   92.165843316866344     
   43.738874777495553     
   43.916878337566750     
   69.627392547850960     
   69.791395827916560     
   50.359007180143600     
   50.427008540170803     
   63.093261865237302     
   63.171263425268506     
   67.117342346846939     
   67.179343586871738     
   99.147982959659188     
   99.237984759695195     
   25.128502570051403     
   25.270505410108203     
   35.386707734154683     
   35.454709094181887     
   38.770775415508311     
   38.808776175523512     
   26.882537650753015     
   26.926538530770614     
   27.038540770815416     
   37.180743614872299     
   37.342746854937097     
   62.343246864937299     
   62.509250185003701     
   63.805276105522111     
   63.843276865537312     
   63.941278825576511     
   64.267285345706910     
   64.291285825716514     
   66.575331506630135     
   66.633332666653331     
   91.861837236744734     
   91.947838956779137     
   5.9441188823776479     
   6.0681213624272488     
   16.102322046440928     
   16.234324686493729     
   31.054621092421847     
   31.204624092481851     
   68.965379307586147     
   69.081381627632553     
   91.703834076681531     
   91.787835756715140     
   92.393847876957537     
   92.475849516990337     
   23.644472889457788     
   23.730474609492191     
   82.169643392867854     
   82.251645032900655     
   91.285825716514324     
   91.355827116542329     
   5.0781015620312404     
   5.1421028420568415     
   18.636372727454550     
   18.726374527490549     
   19.852397047940958     
   19.876397527950559     
   20.416408328166565     
   20.486409728194563     
   78.241564831296628     
   86.177723554471086     
   86.281725634512696     
   5.3181063621272422     
   11.200224004480090     
   11.312226244524890     
   27.208544170883417     
   27.280545610912217     
   27.332546650933018     
   42.634852697053944     
   42.800856017120346     
   89.995799915998319     
   90.141802836056726     
   33.156663133262668     
   33.276665533310663     
   47.074941498829979     
   47.220944418888379     
   82.553651073021456     
   82.691653833076657     
   78.765575311506225     
   78.811576231524626     
   95.325906518130367     
   95.479909598191966     
   15.540310806216125     
   15.680313606272126     
   19.546390927818557     
   19.636392727854556     
   49.604992099841994     
   49.680993619872396     
   96.099921998439967     
   96.153923078461574     
   98.961979239584792     
   99.059981199623991     
   43.010860217204346     
   43.104862097241941     
   68.571371427428545     
   68.631372627452549     
   68.699373987479746     
   93.127862557251149     
   93.177863557271152     
   3.5560711214224283     
   3.7140742814856296     
   3.7160743214864298     
   8.7221744434888695     
   8.7921758435168709     
   10.084201684033681     
   10.178203564071282     
   33.594671893437869     
   33.726674533490673     
   52.677053541070819     
   52.725054501090021     
   69.813396267925356     
   69.933398667973364     
   99.591991839836794     
   99.685993719874403     
   12.482249644992899     
   12.628252565051302     
   83.165663313266265     
   83.221664433288666     
   87.719754395087904     
   87.839756795135898     
   95.651913038260759     
   95.761915238304766     
   99.681993639872800     
   99.857997159943196     
   20.784415688313768     
   20.914418288365766     
   32.656653133062662     
   32.742654853097065     
   91.637832756655129     
   91.721834436688738     
   93.785875717514344     
   93.965879317586356     
   8.5101702034040674     
   8.6281725634512689     
   55.079101582031640     
   55.191103822076442     
   89.835796715934322     
   89.943798875977521     
   1.0880217604352087     
   1.1540230804616092     
   33.078661573231464     
   33.152663053261065     
   42.510850217004339     
   42.624852497049943     
   65.879317586351732     
   65.969319386387724     
   69.371387427748559     
   69.413388267765356     
   91.313826276525532     
   91.429828596571937     
   6.9881397627952557     
   7.0821416428328563     
   94.655893117862362     
   94.735894717894354     
   97.289945798915980     
   97.337946758935175     
   35.026700534010679     
   35.098701974039479     
   42.770855417108343     
   42.956859137182747     
   44.472889457789158     
   44.638892777855560     
   57.399147982959661     
   57.427148542970862     
   58.123162463249265     
   58.151163023260466     
   97.565951319026382     
   97.665953319066375     
   18.044360887217746     
   18.082361647232943     
   73.991479829596585     
   74.099481989639798     
   74.109482189643799     
   56.169123382467646     
   56.177123542470852     
   95.347906958139163     
   95.467909358187157     
   3.0840616812336248     
   3.2080641612832257     
   23.682473649472989     
   23.752475049500990     
   52.265045300906017     
   52.443048860977221     
   59.331186623732478     
   59.443188863777273     
   76.269525390507809     
   76.327526550531005     
   98.365967319346382     
   98.395967919358384     
   9.9181983639672797     
   9.9361987239744796     
   32.082641652833054     
   32.228644572891454     
   88.947778955579111     
   88.957779155583111     
   89.127782555651109     
   70.893417868357361     
   70.979419588391764     
   76.395527910558215     
   76.557531150623007     
   16.400328006560130     
   16.500330006600134     
   70.305406108122156     
   70.439408788175768     
   9.2161843236864733     
   30.140602812056240     
   30.290605812116244     
   34.128682573651474     
   34.182683653673074     
   45.102902058041160     
   45.142902858057163     
   55.753115062301248     
   55.839116782335644     
   77.763555271105417     
   77.905558111162222     
   80.753615072301443     
   80.841616832336641     
   19.268385367707353     
   19.368387367747356     
   24.880497609952197     
   24.976499529990601     
   35.634712694253885     
   35.772715454309086     
   38.702774055481107     
   38.812776255525108     
   9.1621832436648738     
   44.840896817936361     
   44.980899617992357     
   62.347246944938895     
   62.505250105002098     
   26.330526610532210     
   26.504530090601811     
   57.081141622832455     
   57.211144222884457     
   69.121382427648555     
   69.207384147682959     
   82.975659513190266     
   83.127662553251071     
   6.7201344026880534     
   6.8921378427568554     
   71.467429348586975     
   71.623432468649369     
   76.143522870457403     
   76.257525150503014     
   93.983879677593549     
   94.145882917658355     
   37.550751015020303     
   37.680753615072298     
   64.157283145662916     
   64.225284505690112     
   68.043360867217345     
   68.099361987239746     
   68.211364227284548     
   83.533670673413468     
   83.687673753475067     
   85.009700194003884     
   85.037700754015077     
   25.340506810136201     
   25.372507450149001     
   50.291005820116403     
   50.389007780155602     
   61.255225104502088     
   61.315226304526092     
   7.2001440028800573E-002
   65.927318546370927     
   66.005320106402124     
   87.647752955059104     
   87.697753955079108     
   26.472529450589011     
   26.562531250625014     
   59.395187903758078     
   68.077361547230950     
   68.175363507270148     
   91.055821116422322     
   91.205824116482333     
   19.472389447788956     
   19.552391047820958     
   61.285225704514090     
   61.421228424568490     
   68.591371827436546     
   68.661373227464551     
   68.701374027480554     
   72.495449908998182     
   72.659453189063782     
   76.135522710454211     
   89.919798395967916     
   90.033800676013527     
   18.452369047380948     
   18.476369527390549     
   38.576771535430709     
   38.738774775495507     
   88.639772795455912     
   88.715774315486314     
   92.839856797135937     
   92.935858717174341     
   96.163923278465575     
   96.271925438508774     
   1.7180343606872137     
   1.8000360007200145     
   14.080281605632113     
   14.142282845656913     
   14.212284245684915     
   24.976499529990601     
   25.092501850036999     
   41.582831656633132     
   41.618832376647532     
   75.491509830196605     
   75.647512950258999     
   26.416528330566610     
   26.508530170603411     
   32.696653933078665     
   12.934258685173704     
   12.976259525190503     
   32.520650413008262     
   32.654653093061860     
   74.841496829936602     
   74.971499429988597     
   42.222844456889135     
   42.294845896917941     
   24.916498329966601     
   25.064501290025799     
   26.760535210704216     
   26.830536610732214     
   75.357507150143007     
   75.475509510190207     
   79.375587511750240     
   79.411588231764640     
   83.915678313566275     
   84.071681433628669     
   93.945878917578355     
   93.999879997599948     
   97.579951599031986     
   97.693953879077583     
   30.662613252265047     
   30.738614772295445     
   34.380687613752272     
   34.552691053821079     
   43.276865537310748     
   43.352867057341150     
   68.765375307506147     
   68.813376267525356     
   58.929178583571669     
   59.043180863617273     
   80.689613792275850     
   80.779615592311842     
   87.097741954839094     
   87.157743154863098     
   16.882337646752934     
   17.050341006820137     
   35.658713174263482     
   35.812716254325089     
   67.551351027020544     
   67.653353067061346     
   93.117862357247148     
   93.171863437268740     
   11.658233164663294     
   11.744234884697693     
   16.658333166663333     
   16.790335806716133     
   27.036540730814615     
   27.186543730874618     
   48.956979139582792     
   49.064981299625991     
   56.017120342406848     
   56.071121422428448     
   92.135842716854341     
   7.9281585631712632     
   7.9621592431848640     
   18.476369527390549     
   18.548370967419348     
   32.768655373107464     
   32.846656933138661     
   88.347766955339111     
   88.419768395367910     
   90.497809956199120     
   90.547810956219124     
   97.565951319026382     
   97.691953839076788     
   16.936338726774537     
   17.102342046840938     
   31.410628212564252     
   31.554631092621854     
   65.685313706274130     
   65.821316426328522     
   96.219924398487976     
   96.375927518550370     
   64.351287025740518     
   64.439288785775716     
   8.0761615232304642     
   8.2221644432888663     
   73.755475109502186     
   73.839476789535794     
   98.407968159363193     
   98.425968519370386     
   98.541970839416791     
   31.932638652773054     
   32.014640292805858     
   50.951019020380407     
   65.077301546030924     
   65.159303186063724     
  0.11400228004560091     
  0.13200264005280105     
   51.097021940438808     
   51.187023740474807     
   60.821216424328483     
   60.927218544370888     
   71.109422188443773     
   71.233424668493370     
   98.349966999339983     
   98.385967719354383     
   19.964399287985760     
   20.114402288045760     
   57.097141942838860     
   57.231144622892458     
   57.253145062901261     
   68.999379987599752     
   69.121382427648555     
   72.683453669073387     
   72.815456309126176     
   1.0780215604312087     
   1.2580251605032100     
   50.827016540330810     
   50.887017740354807     
   74.779495589911804     
   74.925498509970197     
   92.635852717054334     
   92.723854477089546     
   25.352507050141003     
   25.492509850197003     
   94.119882397647956     
   94.203884077681550     
   9.5841916838336765     
   9.6821936438728766     
   16.952339046780935     
   17.106342126842538     
   30.402608052161042     
   30.458609172183444     
   30.486609732194644     
   38.356767135342707     
   38.436768735374706     
   54.479089581791634     
   54.521090421808438     
   54.631092621852439     
   54.729094581891637     
   9.6001920038400773E-002
   80.709614192283851     
   80.785615712314240     
   90.433808676173527     
   90.541810836216726     
   90.727814556291122     
   90.873817476349529     
   24.396487929758596     
   24.478489569791396     
   29.472589451789037     
   29.630592611852236     
   63.651273025460512     
   63.787275745514911     
   63.797275945518912     
   66.875337506750128     
   66.987339746794930     
   26.704534090681815     
   26.768535370707415     
   66.883337666753334     
   66.935338706774132     
   88.633772675453514     
   88.733774675493507     
   11.542230844616892     
   11.582231644632893     
   74.083481669633386     
   74.123482469649389     
   75.519510390207799     
   75.573511470229406     
   85.811716234324692     
   85.873717474349490     
   8.9581791635832708     
   9.0501810036200716     
   18.380367607352149     
   18.466369327386548     
   56.321126422528451     
   56.377127542550852     
   81.895637912758261     
   82.039640792815860     
   91.705834116682340     
   91.779835596711933     
   25.382507650153002     
   25.474509490189803     
   37.268745374907496     
   37.420748414968301     
   69.353387067741352     
   69.439388787775755     
   23.728474569491389     
   23.810476209524190     
   42.086841736834735     
   42.184843696873941     
   70.307406148122965     
   70.447408948178960     
   75.123502470049402     
   75.221504430088601     
   5.6361127222544454     
   5.7501150023000456     
   55.905118102362046     
   56.043120862417247     
   21.070421408428167     
   21.114422288445770     
   33.214664293285864     
   33.364667293345867     
   88.355767115342303     
   37.038740774815494     
   37.100742014840300     
   44.610892217844359     
   44.736894737894758     
   81.511630232604645     
   81.571631432628649     
   94.679893597871953     
   94.839896797935964     
   97.173943478869575     
   97.295945918918378     
   41.508830176603531     
   41.654833096661932     
   71.385427708554175     
   71.461429228584578     
   88.577771555431113     
   88.671773435468708     
   92.395847916958346     
   92.419848396967936     
   92.511850237004737     
   71.711434228684567     
   71.869437388747770     
   10.762215244304887     
   10.884217684353686     
   76.879537590751809     
   77.033540670813423     
   31.832636652733054     
   31.934638692773856     
   42.914858297165942     
   42.958859177183541     
   67.407348146962946     
   67.455349106982140     
   92.451849036980747     
   92.523850477009546     
   68.185363707274149     
   68.305366107322143     
   94.451889037780759     
   94.611892237844756     
   97.845956919138388     
   97.923958479169585     
   1.3460269205384108     
   1.4960299205984120     
   17.012340246804936     
   17.156343126862538     
   53.131062621252426     
   53.233064661293227     
   55.987119742394846     
   56.025120502410047     
   14.770295405908119     
   14.908298165963320     
   29.212584251685033     
   29.378587571751435     
   48.784975699513993     
   48.894977899557993     
   38.412768255365108     
   38.528770575411507     
   71.617432348646972     
   71.637432748654973     
   71.695433908678169     
   99.805996119922398     
   99.957999159983203     
   36.504730094601889     
   36.584731694633895     
   36.652733054661091     
   55.019100382007643     
   55.075101502030037     
   69.823396467929356     
   69.907398147962965     
   77.449548990979821     
   77.501550031000619     
   2.0220404408088162     
   2.0580411608232163     
   47.158943178863581     
   47.224944498889975     
   51.677033540670813     
   51.771035420708415     
   73.107462149242991     
   73.235464709294192     
   93.399867997359948     
   93.565871317426343     
   37.936758735174706     
   38.068761375227503     
   46.948938978779573     
   47.098941978839576     
   18.428368567371347     
   18.474369487389747     
   28.404568091361828     
   28.550571011420228     
   35.984719694393888     
   36.030720614412289     
   55.725114502290047     
   55.833116662333246     
   15.300306006120122     
   15.370307406148124     
   21.320426408528171     
   21.396427928558570     
   68.895377907558156     
   69.009380187603753     
   92.461849236984733     
   92.601852037040743     
   4.0280805616112323     
   4.0920818416368325     
   33.552671053421065     
   33.592671853437068     
   86.155723114462290     
   86.177723554471086     
   89.139782795655918     
   89.231784635692719     
   29.458589171783437     
   29.538590771815436     
   41.854837096741932     
   41.974839496789933     
   85.867717354347093     
   85.965719314386291     
   90.147802956059124     
   90.319806396127916     
   47.928958579171585     
   48.088961779235582     
   57.403148062961257     
   57.451149022980459     
   90.975819516390331     
   91.103822076441531     
   4.9440988819776397     
   5.0701014020280404     
   5.0721014420288402     
   27.614552291045822     
   27.654553091061821     
   92.375847516950344     
   92.467849356987145     
   7.8301566031320631     
   7.9541590831816640     
   81.585631712634253     
   81.695633912678247     
   20.330406608132161     
   20.448408968179365     
   88.823776475529513     
   88.865777315546310     
  0.69801396027920559     
  0.81601632032640647     
   72.793455869117381     
   72.947458949178980     
   40.090801816036318     
   40.178803576071523     
   45.904918098361968     
   45.914918298365968     
   46.044920898417971     
   48.716974339486789     
   48.806976139522789     
   91.487829756595133     
   91.539830796615931     
   12.348246964939300     
   12.462249244984900     
   34.968699373987477     
   35.074701494029881     
   70.969419388387763     
   71.041420828416562     
   96.213924278485564     
   96.299925998519967     
   10.346206924138484     
   10.426208524170484     
   11.350227004540091     
   11.506230124602492     
   80.655613112262245     
   80.731614632292647     
   94.865897317946363     
   94.955899117982355     
   3.9360787215744315     
   4.1040820816416330     
   46.768935378707575     
   46.816936338726777     
   76.463529270585411     
   76.555531110622212     
  0.11400228004560091     
   63.839276785535709     
   63.875277505550109     
  0.12400248004960099     
   23.112462249244984     
   23.238464769295387     
   34.958699173983483     
   35.032700654013077     
   41.870837416748337     
   41.956839136782733     
   50.473009460189203     
   50.611012220244405     
   72.731454629092582     
   72.777455549110982     
   83.865677313546271     
   83.933678673573468     
   11.956239124782496     
   12.094241884837697     
   30.486609732194644     
   30.588611772235446     
   96.731934638692778     
   96.867937358747170     
   19.470389407788154     
   19.546390927818557     
   7.0441408828176559     
   7.1281425628512567     
   85.343706874137482     
   85.455709114182284     
   85.843716874337488     
   85.919718394367891     
   93.775875517510343     
   93.841876837536745     
   21.898437968759374     
   22.052441048820977     
   34.384687693753875     
   34.490689813796273     
   40.862817256345124     
   41.022820456409129     
   45.930918618372367     
   46.030920618412367     
   65.913318266365323     
   66.041320826416523     
   74.829496589931793     
   74.981499629992598     
   3.1440628812576250     
   3.2800656013120264     
   5.7741154823096466     
   5.8761175223504472     
   12.558251165023300     
   12.622252445048900     
   36.530730614612295     
   36.710734214684294     
   68.921378427568555     
   69.075381507630155     
   73.765475309506186     
   73.823476469529396     
   4.2920858417168342     
   4.3800876017520354     
   26.474529490589813     
   26.508530170603411     
   35.544710894217886     
   35.632712654253083     
   85.235704714094283     
   85.279705594111888     
   71.403428068561368     
   71.543430868617378     
   75.613512270245408     
   75.689513790275811     
   95.219904398087962     
   95.349906998139957     
   19.752395047900958     
   19.888397767955357     
   20.624412488249764     
   20.780415608312165     
   87.747754955099097     
   87.867757355147106     
   10.448208964179283     
   10.528210564211284     
   25.652513050261007     
   25.718514370287405     
   25.784515690313807     
   33.276665533310663     
   33.380667613352266     
   94.657893157863157     
   94.825896517930360     
   23.890477809556192     
   23.998479969599391     
   48.550971019420388     
   48.648972979459586     
   68.529370587411748     
   68.561371227424544     
   15.896317926358527     
   15.938318766375328     
   84.355687113742277     
   84.457689153783079     
   90.423808476169526     
   90.453809076181528     
   95.909918198363968     
   95.975919518390370     
   2.2940458809176185     
   2.4800496009920199     
   22.182443648872976     
   22.232444648892979     
   70.381407628152559     
   70.497409948198964     
   75.813516270325408     
   75.855517110342205     
   94.509890197803955     
   94.587891757835152     
   42.146842936858739     
   42.240844816896335     
   42.332846656933135     
   52.299045980919615     
   52.397047940958821     
   71.131422628452569     
   71.271425428508564     
   78.483569671393425     
   78.585571711434227     
   10.930218604372087     
   11.082221644432888     
   27.192543850877019     
   27.216544330886617     
   51.745034900698016     
   51.891037820756416     
   89.615792315846321     
   89.779795595911921     
   11.088221764435289     
   42.526850537010738     
   42.646852937058739     
   42.668853377067542     
   57.669153383067659     
   57.783155663113263     
   58.347166943338870     
   58.589171783435667     
   63.637272745454908     
   63.675273505470109     
   65.817316346326933     
   65.995319906398123     
   74.309486189723799     
   74.355487109742199     
   31.690633812676253     
   71.535430708614172     
   71.553431068621379     
   83.631672633452666     
   83.659673193463874     
   85.231704634092679     
   85.309706194123876     
   85.363707274145483     
   20.894417888357768     
   21.048420968419368     
   6.8001360027200544E-002
   30.960619212384248     
   31.080621612432250     
   37.310746214924301     
   37.390747814956299     
   61.027220544410888     
   61.145222904458087     
   66.985339706794136     
   67.085341706834143     
   77.631552631052628     
   77.693553871077427     
   79.711594231884632     
   79.811596231924639     
   26.846536930738615     
   26.924538490769816     
   90.443808876177528     
   90.555811116222330     
   45.930918618372367     
   45.960919218384369     
   74.435488709774191     
   74.575491509830201     
   98.209964199283988     
   98.263965279305580     
   37.090741814836299     
   37.234744694893898     
   61.017220344406887     
   61.115222304446085     
   88.487769755395107     
   88.543770875417508     
   3.1680633612672255     
   3.2500650013000261     
   71.065421308426167     
   71.223424468489370     
   57.911158223164463     
   58.025160503210067     
   84.127682553651070     
   84.257685153703079     
   12.970259405188104     
   13.046260925218505     
   48.150963019260388     
   48.290965819316384     
   53.871077421548428     
   53.979079581591634     
   83.941678833576674     
   84.075681513630272     
   89.283785675713517     
   89.383787675753510     
   49.108982179643590     
   49.172983459669190     
   16.000320006400127     
   16.146322926458531     
   17.040340806816136     
   17.120342406848138     
   34.154683093661873     
   59.961199223984480     
   60.085201704034084     
   64.653293065861320     
   64.711294225884515     
   98.053961079221580     
   98.157963159263190     
   61.777235544710891     
   61.883237664753295     
   72.979459589191791     
   73.055461109222179     
   4.9280985619712396     
   5.0681013620272406     
   6.7321346426928539     
   6.8161363227264546     
   23.952479049580990     
   24.008480169603391     
   53.847076941538830     
   53.919078381567630     
   54.185083701674031     
   54.321086421728431     
   56.609132182643656     
   56.699133982679655     
   67.743354867097338     
   67.879357587151745     
   76.977539550791022     
   77.045540910818218     
   7.8721574431488630     
   7.9721594431888638     
   21.874437488749773     
   21.894437888757775     
   54.013080261605232     
   54.083081661633230     
   60.937218744374889     
   61.007220144402886     
   71.629432588651767     
   71.667433348666975     
   10.502210044200885     
   10.564211284225685     
   57.225144502890060     
   57.373147462949262     
   67.671353427068539     
   67.725354507090145     
   93.737874757495149     
   93.819876397527949     
   10.510210204204084     
   10.528210564211284     
   10.650213004260085     
   66.389327786555725     
   66.479329586591732     
   68.257365147302949     
   68.335366707334146     
  0.19400388007760155     
  0.27200544010880218     
   69.431388627772549     
   69.527390547810953     
   99.661993239864799     
   99.731994639892804     
   12.522250445008900     
   12.678253565071302     
   15.450309006180124     
   15.550311006220124     
   17.428348566971341     
   17.496349926998541     
   9.3201864037280746     
   9.4781895637912754     
   24.658493169863398     
   24.736494729894599     
   39.732794655893116     
   39.758795175903515     
   48.972979459589190     
   49.012980259605193     
   50.881017620352409     
   50.947018940378804     
   52.879057581151621     
   53.013060261205226     
   75.591511830236598     
   75.661513230264603     
   7.2881457629152582     
   7.4141482829656598     
   16.046320926418527     
   16.116322326446529     
   97.835956719134387     
   97.941958839176777     
   3.9620792415848318     
   4.0920818416368325     
   11.270225404508091     
   11.316226324526491     
   16.564331286625734     
   16.642332846656934     
   35.048700974019482     
   35.160703214064284     
   96.381927638552767     
   96.485929718594377     
   28.592571851437029     
   28.714574291485828     
   30.726614532290647     
   30.876617532350647     
   48.980979619592389     
   49.022980459609194     
   92.505850117002339     
   92.609852197043935     
   93.237864757295142     
   93.301866037320750     
   30.688613772275446     
   30.784615692313846     
   40.290805816116325     
   40.442808856177123     
   54.099081981639635     
   54.193083861677231     
   62.563251265025301     
   62.629252585051702     
   94.861897237944760     
   94.959899197983958     
   11.748234964699295     
   11.854237084741694     
   68.949378987579749     
   69.047380947618947     
   7.1341426828536569     
   7.2501450029000578     
   11.718234364687294     
   11.788235764715294     
   13.176263525270505     
   13.288265765315307     
   27.180543610872217     
   27.262545250905017     
   49.544990899817996     
   49.572991459829197     
   76.439528790575807     
   76.473529470589412     
   97.479949598991979     
   97.545950919018381     
   10.852217044340886     
   10.910218204364087     
   37.794755895117902     
   37.862757255145105     
   37.892757855157100     
   82.891657833156657     
   82.995659913198267     
   92.567851357027138     
   92.711854237084736     
   94.407888157763153     
   94.433888677773552     
   49.392987859757199     
   49.532990659813194     
   66.239324786495729     
   66.409328186563727     
   83.897677953559068     
   83.975679513590265     
   91.397827956559127     
   91.437828756575129     
   8.0001600032000644E-002
   55.003100062001238     
   70.059401188023756     
   70.149402988059762     
   82.737654753095057     
   82.829656593131858     
   82.865657313146258     
   4.9720994419888394     
   5.1241024820496408     
   20.094401888037762     
   20.260405208104164     
   57.417148342966861     
   57.529150583011663     
   89.857797155943118     
   90.017800356007115     
   30.100602012040241     
   30.162603252065040     
   41.826836536730731     
   41.900838016760332     
   89.169783395667920     
   89.255785115702309     
   68.065361307226141     
   68.079361587231745     
   96.267925358507171     
   96.391927838556768     
   99.335986719734393     
   99.431988639772797     
   68.939378787575748     
   69.107382147642952     
   15.714314286285726     
   15.830316606332127     
   58.309166183323669     
   58.389167783355667     
   78.113562271245428     
   78.273565471309425     
   84.303686073721479     
   84.423688473769474     
   7.4941498829976601     
   7.5761515230304610     
   51.609032180643609     
   51.665033300666011     
   63.821276425528509     
   63.949278985579710     
   67.893357867157349     
   67.943358867177338     
   30.198603972079443     
   30.332606652133041     
   36.486729734594689     
   36.624732494649891     
   37.470749414988298     
   37.566751335026701     
   59.549190983819678     
   59.595191903838078     
   14.940298805976120     
   15.060301206024121     
   37.012740254805095     
   37.120742414848294     
   17.072341446828936     
   17.204344086881736     
   52.293045860917218     
   52.351047020940420     
   80.087601752035042     
   80.117602352047044     
   88.853777075541515     
   89.009780195603909     
   78.039560791215820     
   78.185563711274227     
   1.7620352407048141     
   1.9280385607712154     
   29.894597891957840     
   30.002600052001039     
  0.96401928038560769     
   1.0600212004240084     
   26.924538490769816     
   27.074541490829816     
   36.206724134482691     
   36.380727614552292     
   38.098761975239505     
   38.128762575251507     
   53.109062181243623     
   53.245064901298029     
   93.737874757495149     
   93.835876717534347     
   51.389027780555608     
   51.525030500610015     
   52.609052181043623     
   52.661053221064421     
   54.643092861857234     
   54.735094701894035     
   74.209484189683792     
   74.231484629692588     
   9.8381967639352794     
   9.8961979239584785     
   41.208824176483532     
   41.312826256525128     
   69.083381667633347     
   69.149382987659749     
   83.379667593351869     
   83.427668553371063     
   85.857717154343092     
   85.891717834356683     
   58.657173143462870     
   58.691173823476468     
   78.021560431208627     
   78.059561191223821     
   89.753795075901522     
   89.845796915938323     
   33.528670573411468     
   33.644672893457866     
   60.943218864377286     
   60.997219944398886     
   66.311326226524528     
   66.447328946578935     
   88.981779635592716     
   89.097781955639107     
   69.773395467909353     
   69.845396907938152     
   6.2001240024800494E-002
   54.785095701914038     
   54.951099021980440     
   61.757235144702896     
   61.865237304746096     
   64.625292505850112     
   64.709294185883721     
   79.189583791675830     
   79.367587351747034     
   80.375607512150239     
   80.459609192183848     
   10.518210364207285     
   10.602212044240884     
   27.768555371107421     
   27.868557371147421     
   36.340726814536289     
   36.442728854577091     
   43.194863897277948     
   43.228864577291546     
   53.377067541350826     
   60.101202024040482     
   60.229204584091683     
   75.729514590291799     
   75.815516310326203     
   83.053661073221463     
   83.113662273245467     
   85.159703194063880     
   85.193703874077485     
   91.251825036500733     
   91.403828076561538     
   1.5840316806336128     
   1.7220344406888137     
   13.450269005380108     
   13.526270525410508     
   19.684393687873758     
   19.836396727934559     
   38.198763975279505     
   38.282765655313106     
   50.207004140082802     
   50.367007340146806     
   96.439928798575977     
   96.547930958619176     
   55.697113942278847     
   55.783115662313243     
   19.694393887877759     
   19.794395887917759     
   66.423328466569330     
   66.523330466609337     
   78.167563351267020     
   78.303566071321427     
   88.943778875577507     
   89.071781435628708     
   13.490269805396109     
   13.548270965419308     
   33.092661853237068     
   33.168663373267464     
   47.266945338906780     
   47.340946818936381     
   98.403968079361590     
   98.585971719434383     
   55.103102062041238     
   55.177103542070839     
   79.591591831836638     
   79.659593191863834     
   93.631872637452744     
   93.697873957479146     
   96.875937518750376     
   96.895937918758378     
   2.3940478809576193     
   2.4800496009920199     
   28.694573891477830     
   28.790575811516231     
   37.050741014820296     
   37.166743334866695     
   44.472889457789158     
   44.542890857817156     
   48.884977699553993     
   48.938978779575592     
   67.297345946918938     
   67.375347506950135     
   84.733694673893481     
   84.781695633912676     
   84.581691633832676     
   84.723694473889481     
   92.471849436988734     
   92.633852677053540     
  0.10400208004160083     
   33.838676773535468     
   33.950679013580270     
   57.761155223104460     
   57.901158023160463     
   2.7360547210944217     
   2.8520570411408230     
   84.627692553851077     
   84.719694393887877     
   90.243804876097528     
   90.311806236124724     
   26.480529610592210     
   26.528530570611412     
   97.525950519010379     
   97.631952639052784     
   7.6201524030480607     
   7.6541530830616615     
   15.726314526290526     
   15.896317926358527     
   26.380527610552210     
   26.494529890597811     
   51.977039540790813     
   52.049040980819619     
   52.139042780855618     
   68.699373987479746     
   68.797375947518944     
   93.449868997379951     
   93.537870757415149     
   9.0881817636352729     
   9.2141842836856735     
   92.217844356887142     
   92.329846596931944     
   34.744694893897879     
   34.864697293945881     
   34.874697493949881     
   55.837116742334850     
   55.979119582391647     
   79.401588031760639     
   79.509590191803838     
   20.788415768315367     
   20.920418408368167     
   64.311286225724515     
   64.339286785735709     
   79.431588631772641     
   79.459589191783834     
   84.715694313886274     
   84.771695433908675     
   4.5620912418248363     
   4.6320926418528368     
   6.2001240024800497     
   6.2681253625072504     
   38.142762855257104     
   38.268765375307510     
   42.152843056861137     
   42.256845136902740     
   53.423068461369226     
   53.543070861417227     
   65.629312586251729     
   65.653313066261319     
   11.332226644532891     
   11.430228604572092     
   13.494269885397708     
   13.632272645452909     
   41.900838016760332     
   41.948838976779534     
   56.653133062661254     
   56.677133542670852     
   76.531530630612608     
   76.665533310666220     
   94.929898597971956     
   94.983899677993563     
   4.8260965219304390     
   4.9060981219624393     
   58.567171343426871     
   58.599171983439668     
   60.031200624012477     
   60.119202384047682     
   88.413768275365513     
   88.565771315426304     
   1.6780335606712133     
   1.8340366807336146     
   5.7441148822976462     
   5.9261185223704471     
   58.925178503570073     
   58.971179423588474     
   96.001920038400769     
   96.119922398447969     
   11.348226964539291     
   11.514230284605691     
   48.114962299245988     
   48.288965779315589     
   67.151343026860530     
   67.221344426888535     
   79.493589871797440     
   79.649592991859834     
   85.557711154223085     
   85.691713834276683     
   97.893957879157583     
   97.941958839176777     
   42.002840056801134     
   42.150843016860335     
   36.554731094621893     
   36.690733814676292     
   55.007100142002841     
   55.047100942018844     
   55.093101862037244     
   60.115202304046079     
   60.199203984079681     
   65.903318066361322     
   66.037320746414935     
   98.833976679533592     
   98.867977359547197     
   59.747194943898876     
   59.823196463929278     
   75.951519030380609     
   75.987519750395009     
   70.385407708154162     
   70.545410908218159     
   20.458409168183362     
   20.520410408208164     
   56.507130142602854     
   56.657133142662850     
   83.905678113562274     
   83.989679793595869     
   28.962579251585030     
   29.080581611632233     
   29.130582611652233     
   64.457289145782909     
   64.541290825816517     
   98.533970679413585     
   98.675973519470389     
   7.3961479229584590     
   7.5041500830016599     
   22.522450449008979     
   22.630452609052181     
   58.003160063201264     
   58.141162823256465     
   67.831356627132536     
   67.965359307186148     
   1.4980299605992120     
   1.5360307206144124     
   1.9580391607832157     
   2.0700414008280164     
   7.9541590831816640     
   8.0981619632392654     
   73.667473349466988     
   73.851477029540590     
   19.104382087641753     
   19.144382887657752     
   42.278845576911536     
   42.400848016960339     
   17.202344046880938     
   17.268345366907337     
   18.526370527410549     
   18.612372247444949     
   46.924938498769976     
   46.972939458789178     
   71.085421708434168     
   71.213424268485369     
   13.968279365587312     
   14.112282245644913     
   67.277345546910936     
   67.433348666973345     
   72.925458509170184     
   73.045460909218178     
   75.739514790295800     
   75.873517470349412     
   10.990219804396087     
   11.076221524430489     
   60.151203024060479     
   60.253205064101280     
   74.201484029680600     
   74.329486589731800     
   96.757935158703177     
   96.789935798715973     
   96.923938478769571     
   10.764215284305687     
   10.864217284345687     
   17.012340246804936     
   17.100342006840137     
   20.786415728314566     
   20.850417008340166     
   25.922518450369008     
   25.982519650393009     
   39.192783855677114     
   39.290785815716312     
   43.306866137322750     
   43.378867577351549     
   56.257125142502851     
   56.369127382547653     
   82.695653913078260     
   82.873657473149464     
   91.217824356487128     
   91.347826956539137     
   13.796275925518511     
   13.918278365567311     
   16.620332406648131     
   16.734334686693735     
   25.774515490309806     
   25.792515850317006     
   73.535470709414184     
   73.621472429448588     
   20.936418728374566     
   21.070421408428167     
   43.056861137222747     
   43.078861577231542     
   53.119062381247623     
   53.157063141262825     
   58.915178303566073     
   59.017180343606874     
   76.393527870557406     
   76.441528830576615     
   7.6821536430728612     
   7.7701554031080624     
   31.606632132642652     
   31.754635092701854     
   58.389167783355667     
   58.495169903398065     
   86.297725954519095     
   86.359727194543893     
   20.494409888197765     
   20.554411088221766     
   91.417828356567128     
   91.543830876617534     
   6.1321226424528490     
   6.2681253625072504     
   18.412368247364949     
   18.446368927378547     
   52.211044220884418     
   52.295045900918019     
   98.017960359207180     
   98.095961919238391     
   38.690773815476312     
   38.796775935518710     
   56.289125782515647     
   56.453129062581255     
   64.387287745754918     
   64.521290425808516     
   71.313426268525376     
   71.409428188563766     
   7.7781555631112624     
   7.8941578831576633     
   30.764615292305844     
   30.832616652333048     
   74.681493629872591     
   74.741494829896595     
   82.617652353047063     
   82.755655113102264     
   96.341926838536764     
   96.381927638552767     
   23.704474089481788     
   23.744474889497791     
   78.529570591411826     
   78.683573671473425     
   81.145622912458251     
   81.265625312506245     
   82.109642192843850     
   82.165643312866251     
   1.2720254405088103     
   1.4460289205784116     
   11.070221404428089     
   11.192223844476889     
   32.340646812936257     
   32.428648572971461     
   51.185023700474012     
   51.269025380507607     
   63.067261345226903     
   63.253265065301306     
   66.299325986519733     
   66.371327426548532     
   66.393327866557328     
   86.863737274745489     
   86.955739114782290     
   43.156863137262746     
   43.292865857317146     
   88.511770235404711     
   88.627772555451102     
   23.500470009400189     
   23.670473409468190     
   41.224824496489930     
   41.258825176503528     
   55.033100662013240     
   55.129102582051644     
   60.281205624112481     
   60.329206584131683     
   71.287425748514977     
   71.375427508550175     
   43.430868617372347     
   43.506870137402750     
   28.564571291425828     
   28.684573691473830     
   51.477029540590813     
   51.561031220624415     
   87.619752395047897     
   87.669753395067900     
   94.843896877937553     
   94.879897597951953     
   98.559971199423984     
   98.683973679473596     
   43.196863937278742     
   43.278865577311549     
   52.631052621052419     
   52.665053301066024     
   98.543970879417586     
   98.687973759475184     
   23.054461089221785     
   23.138462769255383     
   81.647632952659052     
   81.789635792715856     
   23.130462609252184     
   23.258465169303385     
   26.082521650433009     
   26.218524370487408     
   31.728634572691455     
   31.822636452729054     
   12.886257725154502     
   12.944258885177703     
   71.445428908578165     
   71.585431708634175     
   73.671473429468591     
   73.759475189503789     
   37.452749054981098     
   37.528750575011500     
   46.626932538650770     
   46.690933818676370     
   46.786935738714774     
   1.1280225604512091     
   1.1560231204624092     
   38.670773415468311     
   38.744774895497912     
   39.634792695853918     
   39.676793535870715     
   62.765255305106102     
   62.845256905138100     
   55.535110702214041     
   55.701114022280443     
   6.2001240024800494E-002
   5.7481149622992458     
   5.7601152023040463     
   22.260445208904176     
   22.428448568971380     
   45.296905938118762     
   45.406908138162763     
   93.733874677493546     
   93.859877197543952     
   97.443948878977579     
   97.577951559031177     
   10.852217044340886     
   10.920218404368088     
   38.170763415268304     
   38.236764735294706     
   52.293045860917218     
   52.467049340986819     
   9.2241844836896743     
   9.3281865637312738     
   34.654693093861880     
   34.716694333886679     
   43.956879137582753     
   44.080881617632350     
   58.319166383327669     
   58.405168103362065     
   5.6001120022400448     
   5.6781135622712453     
   30.002600052001039     
   30.146602932058641     
   34.636692733854680     
   34.706694133882678     
   99.913998279965597     
   4.3960879217584354     
   4.5040900818016363     
   27.724554491089823     
   27.794555891117824     
   38.114762295245903     
   38.284765695313908     
   59.773195463909275     
   59.789195783915680     
   79.885597711954233     
   79.939598791975840     
   6.2001240024800494E-002
  0.56601132022640455     
  0.71201424028480564     
   11.998239964799296     
   12.058241164823297     
   27.736554731094621     
   27.862557251145024     
   39.468789375787516     
   39.542790855817117     
   39.556791135822714     
   65.291305826116528     
   65.417308346166919     
   2.3200464009280184     
   2.4580491609832196     
   6.2161243224864497     
   6.3401268025360507     
   35.058701174023483     
   35.224704494089885     
   59.487189743794879     
   59.605192103842079     
   62.153243064861300     
   62.255245104902095     
   67.537350747014941     
   67.685353707074142     
   3.4800696013920280     
   3.6280725614512290     
   3.9320786415728315     
   8.7081741634832692     
   8.7781755635112706     
   20.516410328206565     
   20.628412568251363     
   22.068441368827376     
   22.132442648852976     
   22.152443048860977     
   36.668733374667497     
   36.752735054701091     
   52.285045700914019     
   52.371047420948422     
   63.639272785455709     
   63.749274985499710     
   64.165283305666108     
   64.279285585711719     
   68.965379307586147     
   69.097381947638951     
   78.471569431388630     
   78.589571791435830     
   83.135662713254263     
   83.305666113322260     
   30.668613372267444     
   30.708614172283447     
   82.243644872897463     
   82.387647752955061     
   92.337846756935136     
   92.471849436988734     
   9.3181863637272748     
   9.4441888837776755     
   20.808416168323365     
   20.962419248384968     
   70.947418948378967     
   71.203424068481368     
   72.301446028920580     
   72.439448788975781     
   82.763655273105456     
   82.899657993159863     
   17.826356527130542     
   17.892357847156944     
   29.174583491669832     
   29.188583771675432     
   29.266585331706633     
   29.294585891717833     
   42.680853617072344     
   42.742854857097143     
   44.364887297745952     
   44.418888377767558     
   86.323726474529494     
   86.385727714554292     
   86.471729434588696     
   78.951579031580636     
   79.067581351627027     
   84.995699913998280     
   85.071701434028682     
   2.4820496409928197     
   2.5760515210304207     
   31.968639372787457     
   32.026640532810653     
   39.634792695853918     
   39.814796295925916     
   13.474269485389708     
   13.522270445408909     
   17.952359047180945     
   18.132362647252943     
   26.854537090741815     
   27.004540090801815     
   46.212924258485167     
   46.326926538530770     
   9.7281945638912770     
   9.8861977239544796     
   64.679293585871719     
   64.835296705934113     
   17.754355087101743     
   17.872357447148943     
   70.421408428168561     
   70.473409468189359     
   4.5960919218384371     
   4.6700934018680371     
   42.054841096821939     
   42.104842096841935     
   99.545990919818394     
   99.629992599852002     
