  0.11725029312573282     
   25.973564933912336     
   26.039815099537748     
   13.479783699459249     
   13.614784036960092     
   19.327298318245795     
   19.408548521371305     
   30.461076152690381     
   30.527326318315797     
   36.391090977727444     
   36.523591308978276     
   89.131222828057076     
   89.209973024932566     
   5.5460138650346629     
   5.5510138775346940     
   67.736169340423345     
   67.882419706049262     
   7.5585188962972412     
   7.7260193150482879     
   21.323553308883273     
   21.402303505758763     
   88.358720896802240     
   88.454971137427847     
   46.446116115290287     
   46.551116377790947     
   59.137397843494611     
   59.172397930994826     
   59.253648134120333     
   70.351175877939696     
   70.469926174815441     
   70.482426206065512     
   75.158687896719741     
   75.264938162345402     
   91.322478306195762     
   91.383728459321148     
   14.294785736964343     
   14.361035902589757     
   48.399870999677496     
   48.472371180927951     
   71.154927887319715     
   71.221178052945135     
   85.492463731159333     
   85.594963987409969     
   85.691214228035577     
   93.148732871832181     
   94.082485206213022     
   94.213735534338838     
   16.158540396350990     
   16.287290718226796     
   29.092322730806828     
   29.223573058932647     
   30.557326393315982     
   30.668576671441677     
   50.574876437191094     
   50.598626496566240     
   62.532406331015828     
   62.658656646641617     
   74.882437206093016     
   75.032437581093959     
   76.144940362350908     
   76.286190715476792     
   70.217425543563863     
   70.327425818564549     
   1.3035032587581470     
   1.3785034462586157     
   18.488546221365553     
   18.654796636991591     
   82.389955974889943     
   82.562456406141010     
   86.623716559291395     
   86.741216853042133     
   99.458748646871612     
   99.533748834372091     
   2.7697569243923108     
   2.8472571181427955     
   2.8572571431428577     
   37.777344443361109     
   37.823594558986400     
   78.477446193615478     
   78.552446381115956     
   82.313705784264457     
   82.372455931139825     
   1.2897532243830609     
   1.3785034462586157     
   29.164822912057279     
   29.279823199557999     
   33.152332880832205     
   33.251083127707822     
   34.332335830839575     
   34.428586071465176     
   35.858589646474115     
   35.979839949599871     
   72.756181890454727     
   72.907432268580678     
   94.679986699966747     
   94.701236753091877     
   94.791236978092442     
   2.3085057712644281     
   2.4660061650154126     
   29.856074640186602     
   30.008575021437554     
   36.702341755854391     
   36.878592196480490     
   42.801107002767509     
   42.951107377768444     
   78.297445743614361     
   78.462446156115391     
   8.3885209713024285     
   8.4897712244280612     
   32.037330093325231     
   32.194830487076217     
   82.687456718641798     
   82.829957074892690     
   3.8460096150240375     
   3.9047597618994048     
   31.947329868324672     
   32.098580246450616     
   36.808592021480052     
   36.973592433981082     
   41.332353330883329     
   41.464853662134153     
   43.849859624649064     
   43.968609921524802     
   45.706114265285663     
   45.868614671536676     
   3.9472598681496702     
   4.0435101087752718     
   28.558571396428491     
   28.694821737054344     
   42.601106502766257     
   42.669856674641686     
   43.313608284020710     
   43.471108677771696     
   63.796159490398729     
   63.932409831024579     
   65.652414131035329     
   65.718664296660748     
   72.209930524826305     
   72.347430868577177     
   78.034945087362715     
   78.089945224863058     
   67.039917599793995     
   67.126167815419535     
   67.134917837294594     
   99.266248165620411     
   99.386248465621165     
   21.272303180757952     
   21.373553433883586     
   48.478621196552993     
   48.543621359053397     
   72.752431881079701     
   72.832432081080199     
   97.868744671861677     
   97.969994924987319     
   99.451248628121576     
   99.612499031247580     
   28.778571946429867     
   28.926072315180789     
   50.531126327815819     
   50.648626621566557     
   55.009887524718813     
   55.122387805969517     
   56.986142465356160     
   57.096142740356854     
   58.104895262238152     
   58.178645446613615     
   87.237468093670230     
   87.277468193670487     
   6.9635174087935221     
   7.0797676994192482     
   69.457423643559110     
   69.634924087310225     
   93.859984649961632     
   93.961234903087259     
   13.702284255710639     
   13.809784524461310     
   44.904862262155653     
   44.966112415281039     
   58.847397118492793     
   58.984897462243659     
   79.331198327995821     
   79.389948474871190     
   1.1585028962572406     
   1.3347533368833422     
   10.729776824442061     
   10.801027002567507     
   10.814777036942592     
   21.152302880757201     
   21.296053240133102     
   29.746074365185912     
   29.866074665186662     
   43.741109352773385     
   43.868609671524176     
   51.984879962199905     
   52.023630059075145     
   90.067475168687920     
   90.116225290563222     
   18.697296743241857     
   18.789796974492436     
   51.053627634069088     
   51.104877762194405     
   51.232378080945203     
