   0.0000000000000000                         0
   1.0014306151645207E-002                    0
   2.0028612303290415E-002                    0
   3.0042918454935622E-002                    1
   4.0057224606580830E-002                    2
   5.0071530758226040E-002                    0
   6.0085836909871244E-002                    0
   7.0100143061516448E-002                    0
   8.0114449213161659E-002                    2
   9.0128755364806870E-002                    0
  0.10014306151645208                         0
  0.11015736766809728                         1
  0.12017167381974249                         2
  0.13018597997138770                         1
  0.14020028612303290                         0
  0.15021459227467812                         2
  0.16022889842632332                         1
  0.17024320457796852                         1
  0.18025751072961374                         1
  0.19027181688125894                         0
  0.20028612303290416                         1
  0.21030042918454936                         1
  0.22031473533619456                         1
  0.23032904148783978                         1
  0.24034334763948498                         0
  0.25035765379113017                         2
  0.26037195994277540                         2
  0.27038626609442062                         1
  0.28040057224606579                         2
  0.29041487839771102                         0
  0.30042918454935624                         0
  0.31044349070100141                         3
  0.32045779685264664                         0
  0.33047210300429186                         0
  0.34048640915593703                         0
  0.35050071530758226                         3
  0.36051502145922748                         0
  0.37052932761087265                         1
  0.38054363376251787                         1
  0.39055793991416310                         2
  0.40057224606580832                         0
  0.41058655221745349                         0
  0.42060085836909872                         0
  0.43061516452074394                         2
  0.44062947067238911                         0
  0.45064377682403434                         0
  0.46065808297567956                         0
  0.47067238912732473                         2
  0.48068669527896996                         1
  0.49070100143061518                         0
  0.50071530758226035                         1
  0.51072961373390557                         1
  0.52074391988555080                         0
  0.53075822603719602                         1
  0.54077253218884125                         0
  0.55078683834048636                         0
  0.56080114449213159                         0
  0.57081545064377681                         3
  0.58082975679542204                         0
  0.59084406294706726                         0
  0.60085836909871249                         2
  0.61087267525035760                         1
  0.62088698140200282                         0
  0.63090128755364805                         0
  0.64091559370529327                         0
  0.65092989985693850                         2
  0.66094420600858372                         0
  0.67095851216022895                         0
  0.68097281831187406                         1
  0.69098712446351929                         0
  0.70100143061516451                         0
  0.71101573676680974                         0
  0.72103004291845496                         0
  0.73104434907010019                         1
  0.74105865522174530                         1
  0.75107296137339052                         0
  0.76108726752503575                         0
  0.77110157367668097                         2
  0.78111587982832620                         2
  0.79113018597997142                         0
  0.80114449213161665                         1
  0.81115879828326176                         0
  0.82117310443490699                         0
  0.83118741058655221                         0
  0.84120171673819744                         1
  0.85121602288984266                         1
  0.86123032904148789                         0
  0.87124463519313300                         0
  0.88125894134477822                         0
  0.89127324749642345                         0
  0.90128755364806867                         0
  0.91130185979971390                         0
  0.92131616595135912                         1
  0.93133047210300424                         0
  0.94134477825464946                         1
  0.95135908440629469                         0
  0.96137339055793991                         0
  0.97138769670958514                         0
  0.98140200286123036                         0
  0.99141630901287559                         0
   1.0014306151645207                         0
   1.0114449213161660                         0
   1.0214592274678111                         1
   1.0314735336194563                         1
   1.0414878397711016                         0
   1.0515021459227467                         1
   1.0615164520743920                         2
   1.0715307582260372                         0
   1.0815450643776825                         0
   1.0915593705293276                         1
   1.1015736766809727                         0
   1.1115879828326181                         0
   1.1216022889842632                         2
   1.1316165951359085                         0
   1.1416309012875536                         0
   1.1516452074391990                         0
   1.1616595135908441                         0
   1.1716738197424892                         0
   1.1816881258941345                         0
   1.1917024320457796                         0
   1.2017167381974250                         0
   1.2117310443490701                         2
   1.2217453505007152                         3
   1.2317596566523605                         0
   1.2417739628040056                         0
   1.2517882689556510                         1
   1.2618025751072961                         0
   1.2718168812589414                         1
   1.2818311874105865                         0
   1.2918454935622317                         0
   1.3018597997138770                         0
   1.3118741058655221                         1
   1.3218884120171674                         0
   1.3319027181688126                         0
   1.3419170243204579                         0
   1.3519313304721030                         0
   1.3619456366237481                         0
   1.3719599427753935                         0
   1.3819742489270386                         0
   1.3919885550786839                         0
   1.4020028612303290                         0
   1.4120171673819744                         0
   1.4220314735336195                         1
   1.4320457796852646                         1
   1.4420600858369099                         2
   1.4520743919885550                         0
   1.4620886981402004                         0
   1.4721030042918455                         0
   1.4821173104434906                         0
   1.4921316165951359                         0
   1.5021459227467810                         0
   1.5121602288984264                         1
   1.5221745350500715                         0
   1.5321888412017168                         0
   1.5422031473533619                         0
   1.5522174535050071                         0
   1.5622317596566524                         0
   1.5722460658082975                         0
   1.5822603719599428                         1
   1.5922746781115880                         0
   1.6022889842632333                         1
   1.6123032904148784                         0
   1.6223175965665235                         0
   1.6323319027181689                         0
   1.6423462088698140                         1
   1.6523605150214593                         0
   1.6623748211731044                         1
   1.6723891273247495                         0
   1.6824034334763949                         0
   1.6924177396280400                         0
   1.7024320457796853                         0
   1.7124463519313304                         0
   1.7224606580829758                         0
   1.7324749642346209                         0
   1.7424892703862660                         0
   1.7525035765379113                         0
   1.7625178826895564                         0
   1.7725321888412018                         0
   1.7825464949928469                         0
   1.7925608011444922                         0
   1.8025751072961373                         0
   1.8125894134477825                         0
   1.8226037195994278                         0
   1.8326180257510729                         0
   1.8426323319027182                         0
   1.8526466380543634                         0
   1.8626609442060085                         0
   1.8726752503576538                         2
   1.8826895565092989                         0
   1.8927038626609443                         0
   1.9027181688125894                         0
   1.9127324749642347                         0
   1.9227467811158798                         0
   1.9327610872675249                         0
   1.9427753934191703                         0
   1.9527896995708154                         0
   1.9628040057224607                         2
   1.9728183118741058                         0
   1.9828326180257512                         0
   1.9928469241773963                         1
   2.0028612303290414                         0
   2.0128755364806867                         0
   2.0228898426323321                         1
   2.0329041487839770                         0
   2.0429184549356223                         0
   2.0529327610872676                         0
   2.0629470672389125                         0
   2.0729613733905579                         0
   2.0829756795422032                         0
   2.0929899856938485                         0
   2.1030042918454934                         0
   2.1130185979971388                         2
   2.1230329041487841                         0
   2.1330472103004290                         1
   2.1430615164520743                         0
   2.1530758226037197                         0
   2.1630901287553650                         0
   2.1731044349070099                         0
   2.1831187410586552                         0
   2.1931330472103006                         0
   2.2031473533619454                         0
   2.2131616595135908                         0
   2.2231759656652361                         0
   2.2331902718168815                         0
   2.2432045779685263                         1
   2.2532188841201717                         0
   2.2632331902718170                         0
   2.2732474964234619                         0
   2.2832618025751072                         0
   2.2932761087267526                         1
   2.3032904148783979                         0
   2.3133047210300428                         0
   2.3233190271816881                         0
   2.3333333333333335                         0
   2.3433476394849784                         0
   2.3533619456366237                         0
   2.3633762517882690                         0
   2.3733905579399144                         0
   2.3834048640915593                         0
   2.3934191702432046                         0
   2.4034334763948499                         1
   2.4134477825464948                         0
   2.4234620886981402                         0
   2.4334763948497855                         0
   2.4434907010014304                         0
   2.4535050071530757                         0
   2.4635193133047211                         0
   2.4735336194563664                         1
   2.4835479256080113                         0
   2.4935622317596566                         0
   2.5035765379113020                         0
   2.5135908440629469                         0
   2.5236051502145922                         0
   2.5336194563662375                         0
   2.5436337625178829                         0
   2.5536480686695278                         0
   2.5636623748211731                         1
   2.5736766809728184                         0
   2.5836909871244633                         0
   2.5937052932761087                         0
   2.6037195994277540                         0
   2.6137339055793993                         0
   2.6237482117310442                         1
   2.6337625178826896                         1
   2.6437768240343349                         1
   2.6537911301859798                         0
   2.6638054363376251                         0
   2.6738197424892705                         0
   2.6838340486409158                         0
   2.6938483547925607                         0
   2.7038626609442060                         0
   2.7138769670958514                         0
   2.7238912732474962                         0
   2.7339055793991416                         1
   2.7439198855507869                         0
   2.7539341917024323                         0
   2.7639484978540771                         1
   2.7739628040057225                         0
   2.7839771101573678                         0
   2.7939914163090127                         0
   2.8040057224606580                         0
   2.8140200286123034                         0
   2.8240343347639487                         0
   2.8340486409155936                         0
   2.8440629470672389                         0
   2.8540772532188843                         1
   2.8640915593705292                         0
   2.8741058655221745                         1
   2.8841201716738198                         0
   2.8941344778254647                         0
   2.9041487839771101                         0
   2.9141630901287554                         0
   2.9241773962804007                         0
   2.9341917024320456                         1
   2.9442060085836910                         0
   2.9542203147353363                         0
   2.9642346208869812                         0
   2.9742489270386265                         0
   2.9842632331902719                         0
   2.9942775393419172                         0
   3.0042918454935621                         0
   3.0143061516452074                         0
   3.0243204577968528                         1
   3.0343347639484977                         0
   3.0443490701001430                         0
   3.0543633762517883                         0
   3.0643776824034337                         0
   3.0743919885550786                         0
   3.0844062947067239                         0
   3.0944206008583692                         1
   3.1044349070100141                         0
   3.1144492131616595                         0
   3.1244635193133048                         0
   3.1344778254649501                         0
   3.1444921316165950                         0
   3.1545064377682404                         0
   3.1645207439198857                         0
   3.1745350500715306                         1
   3.1845493562231759                         0
   3.1945636623748213                         0
   3.2045779685264666                         0
   3.2145922746781115                         0
   3.2246065808297568                         0
   3.2346208869814022                         0
   3.2446351931330470                         0
   3.2546494992846924                         0
   3.2646638054363377                         0
   3.2746781115879831                         0
   3.2846924177396279                         0
   3.2947067238912733                         0
   3.3047210300429186                         0
   3.3147353361945635                         0
   3.3247496423462088                         0
   3.3347639484978542                         0
   3.3447782546494991                         0
   3.3547925608011444                         0
   3.3648068669527897                         0
   3.3748211731044351                         0
   3.3848354792560800                         0
   3.3948497854077253                         0
   3.4048640915593706                         1
   3.4148783977110155                         0
   3.4248927038626609                         0
   3.4349070100143062                         0
   3.4449213161659515                         0
   3.4549356223175964                         0
   3.4649499284692418                         0
   3.4749642346208871                         0
   3.4849785407725320                         0
   3.4949928469241773                         0
   3.5050071530758227                         0
   3.5150214592274680                         0
   3.5250357653791129                         0
   3.5350500715307582                         0
   3.5450643776824036                         0
   3.5550786838340485                         0
   3.5650929899856938                         0
   3.5751072961373391                         1
   3.5851216022889845                         0
   3.5951359084406294                         0
   3.6051502145922747                         0
   3.6151645207439200                         0
   3.6251788268955649                         0
   3.6351931330472103                         0
   3.6452074391988556                         0
   3.6552217453505009                         0
   3.6652360515021458                         0
   3.6752503576537912                         0
   3.6852646638054365                         0
   3.6952789699570814                         0
   3.7052932761087267                         0
   3.7153075822603721                         0
   3.7253218884120169                         0
   3.7353361945636623                         0
   3.7453505007153076                         1
   3.7553648068669530                         0
   3.7653791130185978                         0
   3.7753934191702432                         0
   3.7854077253218885                         0
   3.7954220314735334                         0
   3.8054363376251787                         0
   3.8154506437768241                         0
   3.8254649499284694                         0
   3.8354792560801143                         0
   3.8454935622317596                         0
   3.8555078683834050                         0
   3.8655221745350499                         0
   3.8755364806866952                         0
   3.8855507868383405                         0
   3.8955650929899859                         1
   3.9055793991416308                         0
   3.9155937052932761                         0
   3.9256080114449214                         0
   3.9356223175965663                         0
   3.9456366237482117                         0
   3.9556509298998570                         0
   3.9656652360515023                         0
   3.9756795422031472                         0
   3.9856938483547926                         0
   3.9957081545064379                         0
   4.0057224606580828                         0
   4.0157367668097281                         0
   4.0257510729613735                         0
   4.0357653791130188                         0
   4.0457796852646641                         0
   4.0557939914163086                         0
   4.0658082975679539                         0
   4.0758226037195993                         0
   4.0858369098712446                         0
   4.0958512160228899                         0
   4.1058655221745353                         0
   4.1158798283261806                         0
   4.1258941344778250                         0
   4.1359084406294704                         0
   4.1459227467811157                         0
   4.1559370529327611                         0
   4.1659513590844064                         0
   4.1759656652360517                         0
   4.1859799713876971                         0
   4.1959942775393415                         0
   4.2060085836909868                         0
   4.2160228898426322                         0
   4.2260371959942775                         0
   4.2360515021459229                         0
   4.2460658082975682                         0
   4.2560801144492135                         0
   4.2660944206008580                         0
   4.2761087267525033                         0
   4.2861230329041486                         0
   4.2961373390557940                         0
   4.3061516452074393                         0
   4.3161659513590847                         0
   4.3261802575107300                         0
   4.3361945636623744                         0
   4.3462088698140198                         0
   4.3562231759656651                         0
   4.3662374821173104                         0
   4.3762517882689558                         0
   4.3862660944206011                         0
   4.3962804005722464                         0
   4.4062947067238909                         0
   4.4163090128755362                         0
   4.4263233190271816                         0
   4.4363376251788269                         1
   4.4463519313304722                         0
   4.4563662374821176                         0
   4.4663805436337629                         0
   4.4763948497854074                         0
   4.4864091559370527                         0
   4.4964234620886980                         0
   4.5064377682403434                         0
   4.5164520743919887                         0
   4.5264663805436340                         0
   4.5364806866952794                         0
   4.5464949928469238                         0
   4.5565092989985692                         0
   4.5665236051502145                         0
   4.5765379113018598                         0
   4.5865522174535052                         0
   4.5965665236051505                         0
   4.6065808297567958                         0
   4.6165951359084403                         0
   4.6266094420600856                         0
   4.6366237482117310                         0
   4.6466380543633763                         0
   4.6566523605150216                         0
   4.6666666666666670                         0
   4.6766809728183123                         0
   4.6866952789699567                         0
   4.6967095851216021                         0
   4.7067238912732474                         1
   4.7167381974248928                         0
   4.7267525035765381                         0
   4.7367668097281834                         0
   4.7467811158798288                         0
   4.7567954220314732                         0
   4.7668097281831185                         0
   4.7768240343347639                         0
   4.7868383404864092                         0
   4.7968526466380546                         0
   4.8068669527896999                         0
   4.8168812589413443                         0
   4.8268955650929897                         0
   4.8369098712446350                         0
   4.8469241773962803                         0
   4.8569384835479257                         0
   4.8669527896995710                         0
   4.8769670958512163                         0
   4.8869814020028608                         0
   4.8969957081545061                         0
   4.9070100143061515                         0
   4.9170243204577968                         0
   4.9270386266094421                         0
   4.9370529327610875                         0
   4.9470672389127328                         0
   4.9570815450643773                         0
   4.9670958512160226                         0
   4.9771101573676679                         0
   4.9871244635193133                         0
   4.9971387696709586                         0
   5.0071530758226039                         0
   5.0171673819742493                         0
   5.0271816881258937                         0
   5.0371959942775391                         0
   5.0472103004291844                         0
   5.0572246065808297                         0
   5.0672389127324751                         0
   5.0772532188841204                         0
   5.0872675250357657                         0
   5.0972818311874102                         0
   5.1072961373390555                         0
   5.1173104434907009                         0
   5.1273247496423462                         0
   5.1373390557939915                         0
   5.1473533619456369                         0
   5.1573676680972822                         0
   5.1673819742489266                         0
   5.1773962804005720                         0
   5.1874105865522173                         0
   5.1974248927038627                         0
   5.2074391988555080                         0
   5.2174535050071533                         0
   5.2274678111587987                         0
   5.2374821173104431                         0
   5.2474964234620884                         0
   5.2575107296137338                         0
   5.2675250357653791                         0
   5.2775393419170245                         0
   5.2875536480686698                         0
   5.2975679542203151                         0
   5.3075822603719596                         0
   5.3175965665236049                         0
   5.3276108726752502                         0
   5.3376251788268956                         0
   5.3476394849785409                         0
   5.3576537911301862                         0
   5.3676680972818316                         0
   5.3776824034334760                         0
   5.3876967095851214                         0
   5.3977110157367667                         0
   5.4077253218884120                         0
   5.4177396280400574                         0
   5.4277539341917027                         0
   5.4377682403433480                         0
   5.4477825464949925                         0
   5.4577968526466378                         0
   5.4678111587982832                         0
   5.4778254649499285                         0
   5.4878397711015738                         0
   5.4978540772532192                         0
   5.5078683834048645                         0
   5.5178826895565090                         0
   5.5278969957081543                         0
   5.5379113018597996                         0
   5.5479256080114450                         0
   5.5579399141630903                         0
   5.5679542203147356                         0
   5.5779685264663810                         0
   5.5879828326180254                         0
   5.5979971387696708                         0
   5.6080114449213161                         0
   5.6180257510729614                         0
   5.6280400572246068                         0
   5.6380543633762521                         0
   5.6480686695278974                         0
   5.6580829756795419                         0
   5.6680972818311872                         0
   5.6781115879828326                         0
   5.6881258941344779                         0
   5.6981402002861232                         0
   5.7081545064377686                         0
   5.7181688125894130                         0
   5.7281831187410583                         0
   5.7381974248927037                         0
   5.7482117310443490                         0
   5.7582260371959944                         0
   5.7682403433476397                         0
   5.7782546494992850                         0
   5.7882689556509295                         0
   5.7982832618025748                         0
   5.8082975679542201                         0
   5.8183118741058655                         0
   5.8283261802575108                         0
   5.8383404864091561                         0
   5.8483547925608015                         0
   5.8583690987124459                         0
   5.8683834048640913                         0
   5.8783977110157366                         0
   5.8884120171673819                         0
   5.8984263233190273                         0
   5.9084406294706726                         0
   5.9184549356223179                         0
   5.9284692417739624                         0
   5.9384835479256077                         0
   5.9484978540772531                         0
   5.9585121602288984                         0
   5.9685264663805437                         0
   5.9785407725321891                         0
   5.9885550786838344                         0
   5.9985693848354789                         0
   6.0085836909871242                         0
   6.0185979971387695                         0
   6.0286123032904149                         0
   6.0386266094420602                         0
   6.0486409155937055                         0
   6.0586552217453509                         0
   6.0686695278969953                         0
   6.0786838340486407                         0
   6.0886981402002860                         0
   6.0987124463519313                         0
   6.1087267525035767                         0
   6.1187410586552220                         0
   6.1287553648068673                         0
   6.1387696709585118                         0
   6.1487839771101571                         0
   6.1587982832618025                         0
   6.1688125894134478                         0
   6.1788268955650931                         0
   6.1888412017167385                         0
   6.1988555078683838                         0
   6.2088698140200282                         0
   6.2188841201716736                         0
   6.2288984263233189                         0
   6.2389127324749643                         0
   6.2489270386266096                         0
   6.2589413447782549                         0
   6.2689556509299003                         0
   6.2789699570815447                         0
   6.2889842632331900                         0
   6.2989985693848354                         0
   6.3090128755364807                         0
   6.3190271816881260                         0
   6.3290414878397714                         0
   6.3390557939914167                         0
   6.3490701001430612                         0
   6.3590844062947065                         0
   6.3690987124463518                         0
   6.3791130185979972                         0
   6.3891273247496425                         0
   6.3991416309012878                         0
   6.4091559370529332                         0
   6.4191702432045776                         0
   6.4291845493562230                         0
   6.4391988555078683                         0
   6.4492131616595136                         0
   6.4592274678111590                         0
   6.4692417739628043                         0
   6.4792560801144496                         0
   6.4892703862660941                         0
   6.4992846924177394                         0
   6.5092989985693848                         0
   6.5193133047210301                         0
   6.5293276108726754                         0
   6.5393419170243208                         0
   6.5493562231759661                         0
   6.5593705293276106                         0
   6.5693848354792559                         0
   6.5793991416309012                         0
   6.5894134477825466                         0
   6.5994277539341919                         0
   6.6094420600858372                         0
   6.6194563662374817                         0
   6.6294706723891270                         0
   6.6394849785407724                         0
   6.6494992846924177                         0
   6.6595135908440630                         0
   6.6695278969957084                         0
   6.6795422031473537                         0
   6.6895565092989981                         0
   6.6995708154506435                         0
   6.7095851216022888                         0
   6.7195994277539342                         0
   6.7296137339055795                         0
   6.7396280400572248                         0
   6.7496423462088702                         0
   6.7596566523605146                         0
   6.7696709585121599                         0
   6.7796852646638053                         0
   6.7896995708154506                         0
   6.7997138769670959                         0
   6.8097281831187413                         0
   6.8197424892703866                         0
   6.8297567954220311                         0
   6.8397711015736764                         0
   6.8497854077253217                         0
   6.8597997138769671                         0
   6.8698140200286124                         0
   6.8798283261802577                         0
   6.8898426323319031                         0
   6.8998569384835475                         0
   6.9098712446351929                         0
   6.9198855507868382                         0
   6.9298998569384835                         0
   6.9399141630901289                         0
   6.9499284692417742                         0
   6.9599427753934195                         0
   6.9699570815450640                         0
   6.9799713876967093                         0
   6.9899856938483547                         0
   7.0000000000000000                         0
