   32.923323083077079     
   33.000825020625513     
   48.308707717692940     
   48.451211280282010     
   69.799244981124531     
   69.866746668666721     
   77.396934923373081     
   77.561939048476205     
   83.119577989449738     
   83.254581364534118     
   150.00000000000000     
   36.848421210530262     
   36.933423335583392     
   59.328983224580611     
   59.393984849621241     
   70.511762794069853     
   70.674266856671423     
   150.00000000000000     
   71.684292107302682     
   71.724293107327682     
   150.00000000000000     
   29.890747268681718     
   29.955748893722344     
   38.355958898972474     
   38.443461086527165     
   48.863721593039827     
   48.923723093077328     
   78.031950798769969     
   78.191954798869972     
   83.619590489762246     
   83.719592989824747     
   150.00000000000000     
   5.6651416285407139     
   5.7851446286157158     
   31.505787644691118     
   31.533288332208304     
   49.223730593264833     
   49.323733093327334     
   54.426360659016474     
   54.521363034075854     
   56.396409910247755     
   56.538913472836818     
   58.013950348758719     
   58.043951098777470     
   150.00000000000000     
   9.5002375059376490E-002
   18.467961699042476     
   18.600465011625289     
   19.005475136878420     
   19.112977824445611     
   45.111127778194458     
   45.268631715792893     
   150.00000000000000     
  0.17000425010625267     
   3.1600790019750495     
   3.2950823770594266     
   40.891022275556892     
   41.051026275656895     
   150.00000000000000     
   32.320808020200502     
   32.400810020250503     
   150.00000000000000     
   2.6825670641766046     
   2.8400710017750446     
   18.560464011600288     
   19.320483012075300     
   19.382984574614365     
   28.110702767569190     
   28.263206580164503     
   67.129178229455732     
   67.241681042026045     
   150.00000000000000     
   26.385659641491038     
   26.503162579064476     
   27.035675891897299     
   27.058176454411360     
   48.928723218080449     
   49.083727093177330     
   150.00000000000000     
   65.396634915872895     
   65.519137978449464     
   78.384459611490286     
   78.494462361559044     
   78.531963299082477     
   150.00000000000000     
   31.288282207055175     
   31.388284707117677     
   45.733643341083528     
   45.871146778669470     
   56.128903222580561     
   56.188904722618062     
   71.006775169379239     
   71.019275481887050     
   150.00000000000000     
   55.741393534838373     
   55.798894972374306     
   64.536613415335381     
   64.654116352908829     
   64.656616415410383     
   150.00000000000000     
   15.927898197454937     
   16.062901572539314     
   31.108277706942673     
   53.893847346183655     
   53.971349283732096     
   64.689117227930694     
   64.784119602990074     
   78.496962424060598     
   78.624465611640289     
   150.00000000000000     
   48.343708592714819     
   48.488712217805443     
   51.223780594514864     
   51.356283907097676     
   81.152028800720018     
   81.299532488312209     
   150.00000000000000     
  0.30250756268906720     
  0.36500912522813073     
   39.720993024825617     
   39.868496712417809     
   56.138903472586811     
   56.206405160129002     
   150.00000000000000     
   85.907147678691970     
   85.952148803720092     
   150.00000000000000     
   9.7502437560939029E-002
   25.010625265631642     
   25.190629765744145     
   25.335633390834772     
   25.460636515912899     
   58.808970224255603     
   58.878971974299354     
   150.00000000000000     
   5.5051376284407114     
   5.6176404410110257     
   52.578814470361756     
   52.633815845396136     
   150.00000000000000     
   22.343058576464411     
   22.463061576539413     
   47.698692467311680     
   47.778694467361682     
   65.156628915722891     
   65.271631790794771     
   84.587114677866950     
   84.712117802945073     
   150.00000000000000     
   4.8151203780094498     
   4.9076226905672637     
   20.448011200280007     
   20.555513887847198     
   32.355808895222381     
   32.503312582814573     
   67.171679291982301     
   67.231680792019802     
   97.897447436185900     
   97.987449686242158     
   150.00000000000000     
   2.9675741893547340     
   3.0675766894172356     
   35.210880272006797     
   35.353383834595867     
   57.448936223405582     
   57.598939973499334     
   84.677116927923194     
   84.747118677966952     
   150.00000000000000     
  0.79751993799845000     
  0.93002325058126456     
   11.887797194929874     
   12.022800570014251     
   18.772969324233106     
   18.852971324283107     
   46.623665591639792     
   46.743668591714794     
   150.00000000000000     
   4.8176204405110123     
   8.1202030050751262     
   8.1952048801220023     
   35.775894397359934     
   35.933398334958376     
   42.876071901797545     
   42.921073026825674     
   64.009100227505684     
   64.059101477536942     
   80.062001550038758     
   80.142003550088759     
   150.00000000000000     
  0.10250256256406411     
   42.548563714092850     
   42.678566964174102     
   44.186104652616315     
   44.283607090177256     
   66.684167104177604     
   66.716667916697915     
   94.984874621865544     
   95.087377184429613     
   150.00000000000000     
   16.105402635065875     
   16.270406760169003     
   19.785494637365932     
   19.927998199954999     
   26.010650266256658     
   26.135653391334785     
   57.581439535988402     
   150.00000000000000     
   16.367909197729944     
   16.505412635315881     
   17.497937448436211     
   17.527938198454962     
   57.261431535788397     
   57.423935598389960     
   62.021550538763471     
   62.159053976349412     
   87.712192804820120     
   87.827195679892000     
   150.00000000000000     
   3.1075776894422362     
   3.2450811270281759     
   25.155628890722269     
   25.335633390834772     
   41.941048526213159     
   42.076051901297532     
   53.563839095977400     
   53.666341658541462     
   150.00000000000000     
   23.873096827420685     
   23.945598639966001     
   150.00000000000000     
   43.046076151903797     
   43.108577714442859     
   43.146078651966299     
   50.778769469236728     
   50.878771969299230     
   64.834120853021332     
   64.909122728068198     
   85.939648491212282     
   85.997149928748215     
   150.00000000000000     
   15.690392259806496     
   15.702892572314308     
   27.600690017250432     
   27.710692767319184     
   47.933698342458563     
   48.008700217505435     
   48.068701717542936     
   71.969299232480807     
   72.139303482587067     
   74.584364609115227     
   74.704367609190228     
   74.739368484212108     
   150.00000000000000     
   33.873346833670844     
   34.005850146253657     
   150.00000000000000     
   5.6951423785594644     
   5.7551438785969653     
   32.568314207855195     
   32.675816895422386     
   92.054801370034255     
   92.077301932548309     
   150.00000000000000     
   37.298432460811519     
   37.398434960874020     
   76.619415485387137     
   76.734418360459017     
   150.00000000000000     
   16.665416635415884     
   16.702917572939324     
   22.408060201505037     
   22.565564139103479     
   31.988299707492686     
   32.078301957548938     
   58.926473161829044     
   59.108977724443108     
   64.051601290032252     
   64.191604790119754     
   150.00000000000000     
   3.8150953773844347     
   3.8800970024250607     
   23.450586264656618     
   23.550588764719119     
   150.00000000000000     
   15.955398884972125     
   16.065401635040875     
   150.00000000000000     
   1.4850371259281483     
   1.6075401885047127     
   9.1827295682392052     
   9.3177329433235823     
   46.281157028925726     
   46.311157778944477     
   46.383659591489788     
   49.176229405735143     
   49.258731468286705     
   49.341233530838274     
   56.693917347933699     
   56.723918097952449     
   64.676616915422883     
   64.764119102977574     
   76.321908047701186     
   76.436910922773066     
   150.00000000000000     
   76.274406860171510     
   76.371909297732444     
   79.349483737093422     
   79.399484987124680     
   90.212255306382659     
   90.342258556463918     
   150.00000000000000     
   34.925873146828671     
   35.068376709417734     
   150.00000000000000     
   67.084177104427610     
   67.169179229480733     
   96.802420060501518     
   96.932423310582763     
   150.00000000000000     
   80.847021175529392     
   80.957023925598136     
   90.207255181379537     
   90.362259056476418     
   150.00000000000000     
   9.3352333808345200     
   9.4502362559063968     
   71.946798669966753     
   72.019300482512065     
   99.247481187029678     
   99.367484187104679     
   150.00000000000000     
   9.7502437560939029E-002
   16.265406635165878     
   16.417910447761194     
   70.836770919272979     
   70.929273231830791     
   88.454711367784199     
   88.527213180329511     
   89.597239930998271     
   89.774744368609220     
   150.00000000000000     
   150.00000000000000     
   12.492812320308008     
   12.562814070351759     
   26.805670141753545     
   26.840671016775421     
   36.778419460486511     
   36.835920898022451     
   60.089002225055630     
   60.209005225130632     
   67.259181479536991     
   67.401685042126047     
   150.00000000000000     
   25.740643516087903     
   25.853146328658216     
   63.336583414585363     
   63.404085102127553     
   85.862146553663848     
   85.999649991249782     
   150.00000000000000     
   17.645441136028399     
   17.720443011075275     
   52.391309782744571     
   52.533813345333634     
   76.289407235180875     
   76.441911047776188     
   150.00000000000000     
   3.7200930023250582     
   3.8850971274281858     
   5.0226255656391414     
   5.1676291907297687     
   42.023550588764721     
   42.113552838820972     
   42.138553463836594     
   64.829120728018196     
   64.969124228105699     
   150.00000000000000     
   58.908972724318104     
   58.976474411860295     
   150.00000000000000     
  0.29750743768594212     
  0.40751018775469389     
   61.976549413735341     
   62.079051976299411     
   81.027025675641895     
   81.129528238205950     
   150.00000000000000     
   13.077826945673642     
   13.185329633240832     
   14.662866571664292     
   14.692867321683043     
   19.297982449561239     
   19.382984574614365     
   31.693292332308307     
   31.748293707342683     
   31.785794644866122     
   65.324133103327583     
   65.506637665941653     
   82.754568864221611     
   82.869571739293477     
   94.029850746268650     
   94.122353058826477     
   150.00000000000000     
  0.12750318757968948     
  0.30250756268906720     
   22.333058326458161     
   22.420560514012852     
   38.973474336858423     
   39.065976649416235     
   50.238755968899220     
   50.373759343983600     
   150.00000000000000     
  0.48751218780469513     
  0.54251356283907093     
   11.427785694642367     
   11.500287507187680     
   11.560289007225181     
   11.800295007375185     
   11.942798569964250     
   34.068351708792719     
   61.476536913422834     
   61.536538413460335     
   73.094327358183961     
   73.199329983249584     
   150.00000000000000     
   7.4051851296282409     
   7.4951873796844923     
   15.297882447061177     
   15.347883697092428     
   40.458511462786568     
   40.608515212880320     
   70.776769419235478     
   70.839270981774547     
   90.374759368984229     
   90.514762869071731     
   150.00000000000000     
   37.010925273131825     
   37.055926398159954     
   37.370934273356831     
   37.475936898422461     
   43.418585464636614     
   43.486087152178804     
   67.009175229380730     
   67.164179104477611     
   87.632190804770119     
   87.724693117327931     
   150.00000000000000     
   12.707817695442387     
   12.777819445486138     
   71.541788544713611     
   71.709292732318303     
   85.387134678366962     
   85.544638615965397     
   91.159778994474863     
   150.00000000000000     
   2.1225530638265955     
   2.2400560014000348     
   50.351258781469539     
   50.426260656516412     
   150.00000000000000     
   26.938173454336358     
   27.058176454411360     
   29.103227580689516     
   29.195729893247332     
   31.835795894897373     
   31.853296332408309     
   85.074626865671647     
   85.142128553213837     
   92.634815870396764     
   92.774819370484266     
   150.00000000000000     
   71.414285357133934     
   71.466786669666746     
   92.244806120153001     
   92.334808370209259     
   150.00000000000000     
   59.378984474611862     
   59.451486287157181     
   78.449461236530908     
   78.606965174129357     
   150.00000000000000     
   22.098052451311283     
   22.268056701417535     
   30.395759893997351     
   30.545763644091103     
   150.00000000000000     
   150.00000000000000     
   10.112752818820471     
   10.300257506437662     
   38.635965899147479     
   38.805970149253731     
   150.00000000000000     
   10.155253881347035     
   10.317757943948600     
   18.680467011675290     
   18.842971074276857     
   60.784019600490012     
   60.929023225580643     
   80.062001550038758     
   80.129503237580934     
   150.00000000000000     
   21.623040576014400     
   21.678041951048776     
   42.371059276481915     
   42.441061026525666     
   98.197454936373404     
   98.322458061451542     
   150.00000000000000     
   3.2975824395609892     
   3.3625840646016152     
   55.918897972449308     
   55.953898847471187     
   150.00000000000000     
   7.0001750043751088E-002
   5.3101327533188334     
   5.3876346908672721     
   59.723993099827496     
   59.853996349908748     
   150.00000000000000     
   4.1051026275656888     
   4.2301057526438157     
   59.583989599739994     
   59.736493412335307     
   150.00000000000000     
   1.5550388759718994     
   1.6925423135578390     
   9.2427310682767061     
   9.3427335683392077     
   40.266006650166254     
   40.413510337758446     
   41.941048526213159     
   42.056051401285032     
   74.029350733768339     
   74.049351233780840     
   150.00000000000000     
   68.641716042901066     
   68.744218605465136     
   150.00000000000000     
   62.276556913922846     
   62.359058976474415     
   90.869771744293601     
   91.014775369384239     
   94.547363684092105     
   94.627365684142106     
   150.00000000000000     
   11.085277131928299     
   11.142778569464237     
   35.953398834970876     
   35.998399959998999     
   53.041326033150831     
   53.131328283207083     
   60.561514037850948     
   60.641516037900949     
   75.616890422260553     
   75.726893172329312     
   96.347408685217133     
   96.504912622815567     
   150.00000000000000     
   6.8776719417985452     
   7.9976999424985626     
   8.0752018800470005     
   40.763519087977201     
   40.886022150553764     
   51.806295157378933     
   51.828795719892994     
   150.00000000000000     
   32.308307707692691     
   32.440811020275504     
   36.813420335508390     
   36.910922773069323     
   46.851171279281985     
   46.921173029325736     
   69.044226105652641     
   69.124228105702642     
   86.857171429285728     
   87.014675366884177     
   87.142178554463868     
   87.192179804495112     
   93.979849496237406     
   94.044851121278029     
   150.00000000000000     
   36.068401710042750     
   36.170904272606812     
   58.558963974099349     
   58.618965474136850     
   58.636465911647790     
   69.176729418235453     
   69.311732793319834     
   150.00000000000000     
   28.355708892722319     
   46.058651466286655     
   46.216155403885097     
   70.999274981874549     
   71.116777919447983     
   77.726943173579343     
   77.841946048651209     
   91.009775244381103     
   91.162279056976431     
   150.00000000000000     
   13.767844196104903     
   13.817845446136154     
   18.775469386734667     
   18.805470136753417     
   66.384159603990099     
   66.526663166579169     
   73.294332358308964     
   73.471836795919899     
   80.994524863121583     
   81.094527363184085     
   150.00000000000000     
   23.930598264956625     
   23.965599139978501     
   74.056851421285529     
   74.159353983849599     
   80.194504862621571     
   80.262006550163761     
   91.307282682067054     
   91.462286557163935     
   93.572339308482711     
   93.719842996074902     
   150.00000000000000     
   51.633790844771120     
   51.713792844821121     
   96.567414185354636     
   96.667416685417138     
   98.229955748893715     
   98.354958873971853     
   150.00000000000000     
   4.1526038150953770     
   4.2901072526813167     
   6.6576664416610418     
   6.7076676916922926     
   14.312857821445537     
   14.410360259006476     
   84.064601615040374     
   84.172104302607565     
   95.302382559563995     
   95.374884372109307     
   150.00000000000000     
  0.71751793794844876     
  0.86752168804220109     
   26.790669766744170     
   46.066151653791344     
   46.213655341383536     
   93.857346433660837     
   93.962349058726474     
   150.00000000000000     
   59.796494912372808     
   59.876496912422809     
   80.989524738118448     
   150.00000000000000     
   11.442786069651742     
   11.520288007200181     
   45.541138528463215     
   45.628640716017898     
   50.081252031300785     
   50.186254656366408     
   150.00000000000000     
   33.955848896222406     
   34.060851521288029     
   34.085852146303658     
   41.688542213555337     
   41.773544338608467     
   150.00000000000000     
   26.065651641291034     
   26.108152703817595     
   80.559513987849698     
   80.604515112877820     
   98.512462811570288     
   98.627465686642168     
   150.00000000000000     
   60.921523038075954     
   61.016525413135327     
   66.486662166554169     
   66.561664041601034     
   150.00000000000000     
   73.524338108452710     
   73.644341108527712     
   94.512362809070225     
   94.564864121603037     
   150.00000000000000     
   19.322983074576864     
   19.447986199654991     
   42.328558213955347     
   42.441061026525666     
   46.316157903947598     
   46.463661591539790     
   86.217155428885718     
   86.317157928948220     
   89.852246306157653     
   90.032250806270156     
   150.00000000000000     
   28.733218330458261     
   28.800720018000451     
   37.298432460811519     
   37.445936148403710     
   150.00000000000000     
   5.9026475661891551     
   5.9751493787344687     
   15.452886322158054     
   15.502887572189305     
   21.560539013475339     
   21.600540013500339     
   36.735918397959949     
   37.078426960674015     
   71.656791419785492     
   71.736793419835493     
   150.00000000000000     
   34.340858521463034     
   34.463361584039603     
   150.00000000000000     
   29.858246456161403     
   150.00000000000000     
   24.283107077676942     
   24.453111327783194     
   41.998549963749092     
   42.133553338833472     
   150.00000000000000     
   62.759068976724421     
   62.906572664316606     
   68.964224105602639     
   69.046726168154208     
   73.059326483162081     
   73.161829045726137     
   150.00000000000000     
   19.902997574939373     
   19.952998824970624     
   44.026100652516313     
   44.061101527538192     
   52.781319532988327     
   52.896322408060200     
   150.00000000000000     
  0.11500287507187680     
   50.913772844321109     
   51.048776219405482     
   74.161854046351152     
   74.231855796394910     
   87.039675991899799     
   87.164679116977922     
   96.462411560289013     
   96.527413185329635     
   150.00000000000000     
   21.345533638340960     
   21.373034325858146     
   51.656291407285181     
   51.813795344883623     
   60.359008975224384     
   60.514012850321258     
   74.966874171854300     
   75.069376734418356     
   87.424685617140426     
   87.514687867196685     
   92.554813870346763     
   92.582314557863953     
   150.00000000000000     
   22.345558638965976     
   22.498062451561289     
   49.613740343508589     
   49.668741718542961     
   93.739843496087403     
   93.847346183654594     
   150.00000000000000     
   37.170929273231827     
   37.298432460811519     
   56.208905222630563     
   56.271406785169631     
   68.891722293057327     
   68.959223980599518     
   83.454586364659122     
   83.549588739718487     
   150.00000000000000     
