   8.0694529111246585     
   8.1350530160848251     
   8.1830530928849488     
   12.943860710177136     
   13.050260880417408     
   47.847916556666490     
   47.914316662906664     
   27.119883391813428     
   27.242283587653741     
   33.511093617749786     
   33.558293693269910     
   35.453496725594761     
   35.591096945755112     
   42.510308016492829     
   42.595908153453045     
   56.241529986447979     
   56.390330224528363     
   57.907132651412240     
   57.951932723092355     
   32.757492411987862     
   32.841492546388075     
   38.024700839521344     
   38.139101022561633     
   40.047104075366519     
   40.171904275046842     
   63.515941625506599     
   63.631941811106898     
   76.087961740738791     
   76.133561813698904     
   89.938383901414241     
   89.984783975654366     
   13.166261066017706     
   13.251061201697922     
   21.623074596919356     
   21.710274736439580     
   31.295090072144117     
   31.415090264144421     
   34.949495919193474     
   35.013496021593632     
   66.027145643433030     
   66.096745754793204     
   6.1262498019996832     
   6.2702500324000514     
   47.687116299386076     
   47.792716468346349     
   50.409520655233045     
   50.558320893313429     
   59.946335914137464     
   60.095136152217840     
   64.873543797670081     
   64.939143902630249     
   77.775964441543110     
   77.883164613063386     
   94.124790599664962     
   94.254390807025288     
   46.152713844342152     
   46.285514056822493     
   87.597580156128245     
   87.657580252128398     
   85.347976556762490     
   85.495976793562875     
   27.946284714055544     
   28.051884883015813     
   33.896694234710779     
   34.002294403671044     
   36.060697697116318     
   36.160697857116574     
   51.860722977156762     
   51.971923155077050     
   84.811175697881112     
   84.925575880921414     
   7.1174513879222205     
   7.2638516221625951     
   11.367058187293100     
   11.397458235933177     
   18.690269904431847     
   18.764670023472039     
   44.033510453616728     
   44.160710657137052     
   78.573565717705151     
   78.690365904585448     
   93.900790241264389     
   94.047190475504763     
   42.314307702892322     
   42.457507932012689     
   59.734335574936921     
   59.827935724697163     
   63.528741645986635     
   63.552741684386696     
   63.666341866146986     
   88.825582120931386     
   88.850382160611460     
   21.125473800758080     
   21.207073931318291     
   21.317474107958574     
   21.457474331958931     
   56.760730817169311     
   56.773530837649339     
   60.556736890779028     
   60.619136990619182     
   93.438389501423202     
   93.572789716463546     
   97.899196638714628     
   98.031196849914963     
   98.939998303997285     
   98.998398397437441     
   84.130374608599368     
   84.236774778839646     
   98.602397763836422     
   98.731197969916749     
   24.140678625085801     
   24.299078878526206     
   33.305493288789265     
   33.427093483349573     
   38.753502005603210     
   38.819902111843376     
   12.354259766815627     
   12.474259958815933     
   62.627140203424325     
   62.742340387744619     
  0.11744018790430065     
   75.049560079296128     
   75.086360138176218     
   15.523064836903739     
   15.585464936743898     
   30.344688551501683     
   30.365488584781737     
   56.867130987409581     
   56.908731053969689     
   61.031137649820238     
   61.176737882780614     
