   2.8238056476112954     
   2.9548059096118191     
   7.3048146096292195     
   7.3788147576295149     
   16.196832393664788     
   16.273832547665094     
   37.351874703749409     
   37.391874783749564     
   73.135946271892550     
   73.240946481892962     
   5.2658105316210628     
   5.4348108696217396     
   40.187880375760749     
   40.271880543761085     
   94.521989043978081     
   94.545989091978186     
   4.8728097456194917     
   4.9288098576197150     
   35.152870305740613     
   35.220870441740885     
   40.749881499762999     
   40.850881701763406     
   45.541891083782168     
   45.569891139782278     
   52.029904059808118     
   52.068904137808275     
   56.461912923825849     
   56.570913141826281     
   71.377942755885513     
   71.420942841885690     
   72.398944797889598     
   72.503945007890010     
   78.071956143912288     
   78.127956255912508     
   76.093952187904378     
   76.135952271904543     
   84.797969595939193     
   84.828969657939311     
   14.716829433658868     
   14.771829543659088     
   39.753879507759017     
   39.872879745759491     
   71.013942027884056     
   71.090942181884358     
   17.388834777669555     
   17.500835001670005     
   28.839857679715358     
   29.005858011716022     
   87.914975829951658     
   87.952975905951817     
   57.229914459828919     
   57.362914725829455     
   58.388916777833558     
   58.521917043834087     
   20.867841735683470     
   20.957841915683833     
   94.067988135976279     
   94.226988453976901     
   51.764903529807057     
   51.891903783807571     
   57.184914369828739     
   57.308914617829238     
  0.12480024960049921     
   85.123970247940491     
   85.223970447940900     
   93.255986511973020     
   93.412986825973647     
   5.5800111600223197E-002
   2.9548059096118191     
   3.0878061756123514     
   84.688969377938761     
   84.737969475938954     
   96.946993893987795     
   97.036994073988154     
   5.5800111600223197E-002
   9.7558195116390234     
   9.7678195356390720     
   60.889921779843561     
   61.001922003844008     
   61.056922113844230     
   72.955945911891817     
   73.079946159892316     
   76.010952021904046     
   76.092952185904366     
   77.298954597909201     
   77.401954803909604     
   21.312842625685253     
   21.491842983685967     
   31.991863983727967     
   32.009864019728042     
   40.119880239760477     
   40.284880569761143     
   80.071960143920293     
   80.117960235920478     
   85.207970415940835     
   85.288970577941157     
   32.103864207728414     
   32.246864493728985     
   57.526915053830109     
   57.603915207830418     
   86.817973635947268     
   86.911973823947648     
   38.640877281754562     
   38.776877553755106     
   3.8398076796153591     
   3.9308078616157234     
   5.1968103936207877     
   41.814883629767259     
   41.927883855767710     
   49.428898857797712     
   49.548899097798198     
   71.284942569885146     
   71.430942861885725     
   29.504859009718018     
   29.613859227718457     
   38.876877753755508     
   38.963877927755853     
   69.241938483876964     
   69.369938739877483     
   69.430938861877721     
   77.317954635909274     
   77.361954723909449     
   89.280978561957127     
   89.397978795957599     
   37.810875621751244     
   37.887875775751553     
   40.345880691761387     
   40.475880951761901     
   44.644889289778583     
   44.810889621779246     
   49.311898623797248     
   49.364898729797460     
   68.915937831875667     
   69.070938141876283     
   14.304828609657219     
   14.383828767657535     
   83.276966553933107     
   83.422966845933686     
   27.295854591709183     
   27.346854693709389     
   57.889915779831561     
   57.990915981831961     
   80.529961059922115     
   80.644961289922577     
  0.12180024360048720     
  0.27880055760111522     
   17.452834905669810     
   17.586835173670348     
   27.398854797709596     
   27.560855121710244     
   36.366872733745467     
   36.528873057746118     
   69.148938297876597     
   69.197938395876790     
   69.242938485876977     
   97.702995405990805     
   97.863995727991451     
   44.119888239776479     
   44.245888491776981     
   67.940935881871766     
   67.982935965871931     
  0.14980029960059921     
   56.571913143826286     
   56.709913419826840     
   81.586963173926350     
   81.672963345926689     
   81.707963415926827     
   37.941875883751770     
   38.066876133752267     
   94.210988421976850     
   94.293988587977182     
   97.161994323988651     
   97.323994647989295     
   8.6998173996347994     
   8.8668177336354681     
   57.424914849829698     
   57.468914937829872     
   72.104944209888416     
   72.172944345888695     
   27.501855003710009     
   27.560855121710244     
   76.470952941905878     
   76.630953261906527     
   91.740983481966964     
   91.877983755967506     
   99.145998291996591     
   99.295998591997190     
   10.675821351642703     
   10.858821717643435     
   17.906835813671627     
   17.966835933671867     
   84.815969631939268     
   84.937969875939757     
   87.437974875949749     
   87.473974947949898     
   12.967825935651872     
   12.989825979651959     
   46.088892177784352     
   46.154892309784621     
   62.863925727851459     
   62.945925891851786     
   60.425920851841703     
   60.537921075842149     
   89.754979509959014     
   89.767979535959071     
   8.9018178036356073     
   9.0508181016362030     
   29.624859249718501     
   29.686859373718747     
   13.545827091654184     
   13.726827453654908     
   55.617911235822469     
   55.741911483822967     
   56.635913271826546     
   56.716913433826868     
   33.292866585733172     
   33.363866727733452     
   30.041860083720167     
   30.137860275720552     
   41.371882743765489     
   41.483882967765936     
   44.781889563779124     
   44.936889873779748     
   60.200920401840804     
   60.305920611841223     
   2.7748055496110990     
   2.8658057316114633     
   55.365910731821465     
   55.493910987821977     
   80.885961771923547     
   80.994961989923979     
   16.607833215666432     
   16.704833409666819     
   22.822845645691292     
   22.918845837691677     
   29.816859633719268     
   29.921859843719687     
   39.090878181756366     
   39.155878311756624     
   56.071912143824285     
   56.196912393824789     
   63.338926677853358     
   63.494926989853980     
   68.051936103872208     
   68.202936405872805     
   89.143978287956571     
   89.315978631957265     
   50.951901903803808     
   51.093902187804375     
   76.239952479904957     
   76.382952765905529     
   90.847981695963398     
   90.945981891963783     
   92.289984579969158     
   92.419984839969686     
   8.8800177600355204E-002
   65.801931603863210     
   65.885931771863540     
   88.728977457954912     
   88.797977595955189     
   23.551847103694207     
   23.628847257694517     
   98.632997265994533     
   98.662997325994652     
   14.761829523659047     
   14.848829697659395     
   37.189874379748758     
   37.246874493748990     
   77.375954751909504     
   77.500955001910000     
   78.983957967915941     
   79.054958109916214     
   57.212914425828849     
   57.345914691829385     
   24.503849007698015     
   24.538849077698156     
   56.982913965827933     
   57.107914215828430     
  0.73080146160292325     
  0.75280150560301118     
   53.043906087812175     
   53.158906317812637     
   65.605931211862426     
   65.666931333862664     
   78.895957791915578     
   78.972957945915894     
   85.755971511943031     
   85.834971669943343     
   63.696927393854786     
   63.858927717855437     
   68.679937359874714     
   68.738937477874956     
   36.022872045744094     
   36.149872299744601     
   38.568877137754278     
   38.743877487754979     
   50.152900305800614     
   50.277900555801111     
   65.096930193860388     
   65.244930489860977     
   90.950981901963800     
   91.031982063964122     
   94.285988571977143     
   94.394988789977575     
   7.2688145376290754     
   7.3738147476294955     
   16.698833397666796     
   16.853833707667416     
   63.025926051852103     
   63.078926157852315     
   69.115938231876470     
   69.212938425876857     
   8.4988169976339947     
   8.5478170956341906     
   18.606837213674428     
   18.676837353674706     
   59.349918699837403     
   59.445918891837785     
   71.248942497884997     
   71.298942597885201     
   76.150952301904610     
   76.277952555905117     
   97.040994081988160     
   97.113994227988456     
   97.334994669989342     
   97.423994847989690     
   5.4328108656217315     
   5.5258110516221031     
   84.627969255938510     
   84.818969637939276     
   48.826897653795307     
   48.887897775795551     
   56.887913775827549     
   56.974913949827901     
   4.0318080636161273     
   4.1428082856165709     
   16.789833579667160     
   16.884833769667541     
   70.623941247882499     
   70.781941563883123     
   15.507831015662031     
   15.551831103662208     
   19.071838143676288     
   19.205838411676822     
   62.432924865849735     
   62.517925035850070     
   13.925827851655704     
   14.076828153656308     
   70.627941255882519     
   70.761941523883053     
   3.0138060276120551     
   3.0708061416122834     
   10.720821441642883     
   10.766821533643068     
   58.214916429832861     
   58.265916531833064     
   85.562971125942255     
   85.613971227942457     
   91.656983313966634     
   91.730983461966929     
   55.711911423822848     
   55.745911491822980     
   55.840911681823364     
   3.1800063600127201E-002
   1.2608025216050431     
   1.3648027296054592     
   37.632875265750535     
   37.786875573751146     
   76.973953947907901     
   77.084954169908343     
   92.819985639971279     
   92.958985917971830     
   1.4208028416056833     
   1.5028030056060113     
   41.720883441766887     
   41.759883519767037     
   59.590919181838366     
   59.662919325838651     
