   22.248444968899378     
   22.358447168943378     
   34.488689773795478     
   34.618692373847480     
   150.00000000000000     
   16.048320966419329     
   16.128322566451327     
   46.828936578731572     
   57.429148582971656     
   79.469589391787835     
   79.509590191803838     
   95.609912198243961     
   95.659913198263965     
   96.429928598571976     
   96.539930798615970     
   150.00000000000000     
   3.5480709614192283     
   30.478609572191445     
   30.618612372247444     
   30.628612572251445     
   60.689213784275687     
   150.00000000000000     
   21.948438968779374     
   73.909478189563785     
   74.079481589631797     
   84.539690793815879     
   95.589911798235960     
   95.659913198263965     
   150.00000000000000     
   4.3980879617592352     
   4.4880897617952362     
   34.578691573831478     
   34.618692373847480     
   54.169083381667633     
   54.319086381727637     
   55.629112582251643     
   55.669113382267646     
   59.729194583891676     
   65.399307986159727     
   79.099581991639837     
   79.159583191663828     
   94.339886797735957     
   94.449888997779951     
   150.00000000000000     
  0.12800256005120103     
  0.24800496009920198     
   60.509210184203681     
   60.589211784235687     
   77.509550191003825     
   77.649552991059821     
   94.099881997639955     
   94.249884997699951     
   150.00000000000000     
   24.968499369987398     
   40.068801376027523     
   64.679293585871719     
   64.719294385887721     
   68.609372187443753     
   68.749374987499749     
   80.879617592351849     
   150.00000000000000     
   45.648912978259567     
   45.698913978279563     
   56.629132582651650     
   74.909498189963799     
   83.699673993479863     
   83.849676993539873     
   150.00000000000000     
   25.748514970299407     
   28.318566371327428     
   28.458569171383427     
   29.218584371687434     
   30.098601972039440     
   30.128602572051442     
   46.848936978739573     
   57.689153783075660     
   57.749154983099665     
   79.549590991819841     
   79.709594191883838     
   82.899657993159863     
   88.999779995599908     
   89.089781795635915     
   150.00000000000000     
   150.00000000000000     
   38.418768375367506     
   38.478769575391510     
   38.578771575431510     
   39.648792975859514     
   75.739514790295800     
   75.759515190303802     
   150.00000000000000     
   17.288345766915338     
   17.318346366927340     
   81.889637792755849     
   81.989639792795856     
   150.00000000000000     
   10.568211364227285     
   10.608212164243286     
   31.788635772715455     
   43.958879177583555     
   62.389247784955700     
   150.00000000000000     
   4.1180823616472333     
   4.1780835616712331     
   7.0881417628352565     
   7.1481429628592572     
   12.248244964899298     
   12.358247164943299     
   27.948558971179423     
   69.119382387647747     
   150.00000000000000     
   28.328566571331425     
   37.768755375107503     
   37.858757175143502     
   150.00000000000000     
   42.218844376887539     
   150.00000000000000     
   25.048500970019401     
   25.128502570051403     
   50.649012980259606     
   96.649932998659978     
   150.00000000000000     
   39.548790975819514     
   62.159243184863698     
   62.279245584911699     
   69.099381987639759     
   69.249384987699756     
   150.00000000000000     
   1.8380367607352146     
   2.5180503610072202     
   2.6080521610432208     
   33.978679573591471     
   34.108682173643473     
   37.478749574991497     
   37.508750175003499     
   58.709174183483668     
   66.589331786635739     
   66.639332786655729     
   150.00000000000000     
   13.548270965419308     
   13.608272165443308     
   16.928338566771334     
   16.968339366787337     
   22.238444768895377     
   22.328446568931380     
   36.838736774735494     
   36.958739174783496     
   37.448748974979502     
   37.478749574991497     
   69.939398787975762     
   69.999399987999766     
   70.029400588011754     
   70.849416988339769     
   70.919418388367774     
   150.00000000000000     
