   33.936678733574674     
   34.038680773615475     
   34.102682053641075     
   34.512690253805076     
   34.622692453849076     
   58.521170423408471     
   58.595171903438072     
   150.00000000000000     
  0.77201544030880620     
  0.92001840036800731     
   43.892877857557153     
   44.066881337626754     
   80.543610872217442     
   80.557611152223046     
   86.055721114422283     
   86.157723154463085     
   150.00000000000000     
   52.239044780895618     
   52.337046740934817     
   150.00000000000000     
   35.266705334106682     
   42.908858177163545     
   43.008860177203545     
   73.249464989299781     
   73.359467189343789     
   76.307526150523017     
   76.441528830576615     
   150.00000000000000     
   11.780235604712095     
   11.940238804776095     
   67.953359067181339     
   68.091361827236540     
   90.841816836336733     
   90.923818476369533     
   150.00000000000000     
   58.913178263565271     
   59.029180583611669     
   72.337446748934980     
   72.475449508990181     
   87.641752835056707     
   87.749754995099906     
   150.00000000000000     
   53.093061861237224     
   53.161063221264428     
   63.197263945278905     
   63.199263985279707     
   63.273265465309308     
   63.303266065321310     
   67.993359867197341     
   68.153363067261338     
   79.719594391887838     
   79.831596631932641     
   82.273645472909465     
   82.339646792935852     
   150.00000000000000     
   57.509150183003662     
   57.617152343046861     
   61.175223504470090     
   61.253225064501287     
   61.271225424508494     
   66.899337986759733     
   66.979339586791738     
   68.461369227384552     
   68.575371507430148     
   86.843736874737502     
   86.931738634772699     
   89.275785515710311     
   89.373787475749509     
   150.00000000000000     
   19.648392967859358     
   19.668393367867356     
   24.508490169803395     
   24.550491009820195     
   45.072901458029158     
   45.118902378047558     
   47.862957259145183     
   47.958959179183587     
   50.301006020120404     
   50.435008700174002     
   79.715594311886235     
   79.809596191923845     
   150.00000000000000     
   43.704874097481948     
   43.842876857537149     
   46.758935178703574     
   46.846936938738772     
   61.759235184703691     
   61.907238144762893     
   150.00000000000000     
   50.257005140102805     
   50.423008460169200     
   150.00000000000000     
   68.175363507270148     
   68.267365347306949     
   150.00000000000000     
   9.0961819236384720     
   9.2601852037040739     
   36.008720174403486     
   36.100722014440287     
   48.854977099541991     
   48.986979739594794     
   150.00000000000000     
   76.461529230584617     
   76.543530870617417     
   150.00000000000000     
   28.966579331586633     
   29.068581371627431     
   41.630832616652334     
   41.770835416708337     
   56.637132742654856     
   56.715134302686053     
   150.00000000000000     
   20.034400688013761     
   150.00000000000000     
   48.424968499369989     
   48.516970339406789     
   60.195203904078085     
   60.339206784135683     
   150.00000000000000     
   5.0681013620272406     
   5.1001020020400407     
   150.00000000000000     
   7.6801536030720614     
   7.7781555631112624     
   20.626412528250565     
   20.692413848276967     
   36.096721934438690     
   36.130722614452289     
   44.330886617732354     
   44.396887937758756     
   44.420888417768353     
   67.987359747194944     
   68.109362187243747     
   150.00000000000000     
   12.136242724854498     
   12.172243444868897     
   61.479229584591693     
   61.631232624652490     
   150.00000000000000     
  0.10000200004000080     
   17.696353927078540     
   17.802356047120941     
   62.749254985099704     
   62.851257025140505     
   150.00000000000000     
   20.746414928298567     
   20.866417328346568     
   62.439248784975696     
   62.521250425008503     
   75.553511070221404     
   75.627512550250998     
   79.257585151703040     
   79.381587631752637     
   150.00000000000000     
   21.496429928598573     
   21.542430848616974     
   44.190883817676351     
   44.306886137722756     
   99.983999679993602     
   150.00000000000000     
   31.816636332726656     
   31.880637612752256     
   31.916638332766656     
   55.683113662273243     
   55.799115982319648     
   87.507750155003095     
   87.579751595031894     
   95.447908958179170     
   95.609912198243961     
   150.00000000000000     
   3.9600792015840316     
   4.0820816416328327     
   13.212264245284906     
   13.272265445308907     
   13.964279285585711     
   14.128282565651313     
   16.650333006660134     
   16.774335486709735     
   54.109082181643636     
   54.261085221704434     
   65.321306426128530     
   65.397307946158918     
   150.00000000000000     
   8.3241664833296660     
   8.5001700034000685     
   27.360547210944219     
   27.448548970979420     
   47.924958499169982     
   48.100962019240384     
   96.815936318726372     
   96.943938878777573     
   150.00000000000000     
   26.698533970679414     
   26.832536650733015     
   39.116782335646711     
   39.252785055701111     
   83.953679073581469     
   91.715834316686340     
   91.817836356727128     
   150.00000000000000     
   4.1560831216624337     
   4.2920858417168342     
   12.778255565111301     
   40.740814816296329     
   40.866817336346728     
   58.581171623432468     
   58.639172783455670     
   150.00000000000000     
   6.1621232424648493     
   6.3981279625592515     
   31.308626172523450     
   31.448628972579453     
   91.077821556431132     
   91.109822196443929     
   150.00000000000000     
   2.3360467209344189     
   2.4820496409928197     
   4.0520810416208324     
   4.1340826816536334     
   16.876337526750536     
   16.982339646792937     
   40.312806256125121     
   40.348806976139521     
   40.448808976179521     
   150.00000000000000     
   20.308406168123362     
   20.450409008180163     
   62.139242784855696     
   62.235244704894100     
   67.475349506990142     
   67.485349706994143     
   150.00000000000000     
   59.459189183783678     
   59.551191023820479     
   60.527210544210881     
   60.633212664253286     
   88.603772075441512     
   88.725774515490315     
   150.00000000000000     
   20.482409648192963     
   20.518410368207363     
   150.00000000000000     
   10.456209124182484     
   10.552211044220885     
   26.028520570411409     
   26.158523170463408     
   150.00000000000000     
   10.040200804016081     
   10.092201844036881     
   40.908818176363525     
   40.990819816396325     
   150.00000000000000     
   43.068861377227542     
   43.126862537250744     
   97.817956359127180     
   97.877957559151184     
   150.00000000000000     
   60.365207304146082     
   60.477209544190885     
   92.383847676953536     
   92.547850957019136     
   150.00000000000000     
   5.3681073621472430     
   5.5141102822056443     
   21.094421888437768     
   21.158423168463369     
   52.297045940918821     
   52.431048620972419     
   150.00000000000000     
   12.484249684993699     
   12.548250965019301     
   22.016440328806578     
   22.060441208824177     
   44.222884457689155     
   44.352887057741157     
   90.809816196323922     
   90.925818516370327     
   90.963819276385522     
   91.283825676513530     
   91.441828836576732     
   150.00000000000000     
   21.204424088481769     
   21.306426128522570     
   21.372427448548972     
   21.496429928598573     
   61.457229144582890     
   61.603232064641290     
   74.343486869737390     
   74.445488909778192     
   89.289785795715915     
   89.363787275745509     
   99.229984599691988     
   99.273985479709594     
   150.00000000000000     
   22.470449408988181     
   22.634452689053781     
   47.734954699093983     
   47.800956019120385     
   61.813236264725298     
   61.859237184743698     
   150.00000000000000     
   12.726254525090502     
   12.844256885137703     
   30.832616652333048     
   30.978619572391448     
   37.904758095161903     
   37.986759735194703     
   150.00000000000000     
   39.200784015680313     
   39.316786335726718     
   39.336786735734712     
   51.797035940718814     
   51.855037100742017     
   68.529370587411748     
   68.609372187443753     
   150.00000000000000     
   26.126522530450607     
   26.212524250485011     
   41.252825056501131     
   41.348826976539527     
   41.358827176543528     
   43.354867097341945     
   43.468869377387549     
   98.609972199443988     
   98.711974239484789     
   150.00000000000000     
   46.122922458449167     
   46.232924658493168     
   71.391427828556573     
   71.431428628572576     
   77.205544110882215     
   77.341546830936622     
   150.00000000000000     
   32.462649252985059     
   32.480649612992259     
   150.00000000000000     
   15.634312686253725     
   15.742314846296926     
   150.00000000000000     
   38.168763375267503     
   38.302766055321108     
   46.626932538650770     
   46.672933458669171     
   79.931598631972633     
   80.039600792015847     
   150.00000000000000     
   10.760215204304085     
   10.778215564311287     
   36.824736494729898     
   36.892737854757094     
   67.677353547070936     
   67.761355227104545     
   68.531370627412542     
   68.673373467469347     
   97.655953119062374     
   97.775955519110383     
   150.00000000000000     
  0.99001980039600790     
   1.1000220004400088     
   5.7041140822816461     
   5.8541170823416468     
   95.957919158383163     
   96.005920118402372     
   150.00000000000000     
   13.376267525350507     
   13.472269445388907     
   39.352787055741118     
   39.452789055781118     
   74.237484749695000     
   74.277485549710988     
   150.00000000000000     
   94.387887757755152     
   94.431888637772758     
   98.783975679513588     
   98.899977999559994     
   150.00000000000000     
   7.6241524830496612     
   7.7161543230864620     
   15.798315966319326     
   15.926318526370528     
   38.154763095261906     
   38.310766215324307     
   73.679473589471783     
   73.793475869517394     
   150.00000000000000     
   20.732414648292966     
   20.850417008340166     
   25.400508010160202     
   25.520510410208203     
   63.715274305486112     
   63.837276745534908     
   89.751795035900713     
   89.909798195963916     
   150.00000000000000     
   13.290265805316107     
   13.344266885337706     
   33.486669733394670     
   33.586671733434670     
   51.415028300566014     
   51.549030980619612     
   55.479109582191647     
   55.557111142222844     
   71.401428028560574     
   71.461429228584578     
   150.00000000000000     
   48.766975339506793     
   48.888977779555589     
   59.327186543730875     
   59.443188863777273     
   150.00000000000000     
   16.072321446428930     
   16.232324646492930     
   28.034560691213823     
   28.116562331246627     
   39.878797575951516     
   39.958799175983522     
   47.300946018920378     
   47.402948058961179     
   63.967279345586910     
   64.133282665653311     
   150.00000000000000     
   35.256705134102681     
   35.318706374127480     
   35.364707294145880     
   64.423288465769318     
   77.413548270965421     
   77.583551671033419     
   150.00000000000000     
   46.348926978539573     
   46.422928458569174     
   85.645712914258283     
   85.709714194283890     
   90.187803756075127     
   90.289805796115928     
   150.00000000000000     
   8.3661673233464668     
   8.5021700434008682     
   23.550471009420189     
   23.666473329466591     
   70.061401228024565     
   70.185403708074162     
   92.421848436968745     
   92.487849756995146     
   150.00000000000000     
   5.2021040420808413     
   5.2981059621192426     
   45.102902058041160     
   45.260905218104362     
   73.209464189283793     
   73.331466629332581     
   79.461589231784629     
   79.479589591791836     
   150.00000000000000     
   40.842816856337130     
   40.938818776375527     
   95.025900518010360     
   95.131902638052765     
   150.00000000000000     
   98.555971119422395     
   150.00000000000000     
   6.4301286025720517     
   6.5261305226104520     
   14.130282605652113     
   14.204284085681714     
   26.128522570451409     
   26.254525090501811     
   40.012800256005121     
   40.062801256025118     
   58.949178983579671     
   58.993179863597270     
   70.733414668293364     
   70.877417548350962     
   83.973679473589470     
   84.053681073621476     
   150.00000000000000     
   20.928418568371367     
   20.972419448388969     
   40.572811456229125     
   40.672813456269125     
   65.953319066381326     
   66.115322306446132     
   70.833416668333371     
   70.889417788355772     
   93.415868317366346     
   93.551871037420753     
   150.00000000000000     
   7.1501430028600570     
   7.2681453629072585     
   82.515650313006262     
   82.643652873057462     
   150.00000000000000     
   41.876837536750735     
   41.968839376787535     
   150.00000000000000     
   16.782335646712934     
   16.920338406768135     
   19.000380007600153     
   19.082381647632953     
   61.299225984519687     
   61.347226944538889     
   150.00000000000000     
   6.3001260025200505     
   6.4281285625712510     
   10.342206844136882     
   10.504210084201684     
   52.699053981079622     
   52.793055861117224     
   59.753195063901281     
   59.771195423908480     
   66.329326586531735     
   66.477329546590937     
   150.00000000000000     
   17.844356887137742     
   17.978359567191344     
   28.602572051441030     
   28.720574411488229     
   57.839156783135664     
   58.005160103202066     
   60.041200824016478     
   60.141202824056478     
   69.935398707974159     
   69.983399667993353     
   88.651773035460707     
   88.811776235524704     
   150.00000000000000     
   56.553131062621254     
   56.627132542650855     
   150.00000000000000     
   20.504410088201762     
   20.614412288245767     
   54.863097261945242     
   54.947098941978837     
   62.363247264945301     
   62.387247744954898     
   84.669693393867874     
   84.709694193883877     
   150.00000000000000     
   30.040600812016240     
   44.258885177703554     
   44.392887857757152     
   150.00000000000000     
   58.943178863577273     
   58.999179983599674     
   150.00000000000000     
   79.901598031960646     
   79.973599471989445     
   150.00000000000000     
   49.686993739874801     
   49.746994939898798     
   83.675673513470272     
   83.771675433508676     
   150.00000000000000     
   41.674833496669933     
   41.720834416688334     
   63.955279105582115     
   63.995279905598110     
   68.221364427288549     
   68.295365907318143     
   74.341486829736596     
   74.427488549770999     
   95.335906718134368     
   95.379907598151959     
   150.00000000000000     
   13.052261045220904     
   13.128262565251305     
   18.186363727274546     
   18.330366607332145     
   31.810636212724255     
   31.882637652753054     
   32.102642052841055     
   32.144642892857860     
   150.00000000000000     
   4.6740934818696376     
   4.7420948418968383     
   6.2421248424968496     
   6.3321266425328506     
   22.428448568971380     
   22.590451809036182     
   34.094681893637876     
   34.168683373667470     
   52.955059101182023     
   52.995059901198026     
   150.00000000000000     
   150.00000000000000     
   6.7421348426968537     
   6.8201364027280542     
   150.00000000000000     
   20.494409888197765     
   20.546410928218563     
   82.195643912878253     
   82.269645392907861     
   82.311646232924659     
   84.747694953899071     
   84.819696393927885     
   96.077921558431171     
   96.233924678493565     
   150.00000000000000     
   19.854397087941759     
   19.898397967959358     
   25.592511850237006     
   25.664513290265806     
   48.976979539590793     
   49.106982139642795     
   150.00000000000000     
   8.6001720034400694E-002
   37.986759735194703     
   38.082761655233107     
   50.413008260165206     
   50.431008620172406     
   67.333346666933338     
   67.343346866937338     
   67.437348746974934     
   90.291805836116723     
   90.399807996159922     
   150.00000000000000     
   35.330706614132282     
   35.418708374167487     
   63.505270105402111     
   63.555271105422108     
   150.00000000000000     
   8.4001680033600673E-002
  0.23800476009520191     
   30.630612612252246     
   30.746614932298645     
   150.00000000000000     
  0.46400928018560372     
  0.50201004020080398     
   14.538290765815317     
   14.600292005840117     
   21.398427968559371     
   21.460429208584170     
   25.064501290025799     
   25.212504250085001     
   38.378767575351510     
   38.484769695393908     
   72.691453829076579     
   72.843456869137384     
   150.00000000000000     
   1.9000380007600153     
   1.9760395207904158     
   32.168643372867457     
   32.264645292905861     
   38.068761375227503     
   38.238764775295508     
   48.370967419348389     
   48.464969299385984     
   50.085001700033999     
   50.169003380067601     
   58.703174063481271     
   58.797175943518873     
   59.647192943858876     
   59.771195423908480     
   71.445428908578165     
   71.501430028600566     
   71.759435188703776     
   71.833436668733370     
   91.167823356467125     
   91.331826636532725     
   150.00000000000000     
   39.030780615612315     
   39.130782615652315     
   56.693133862677250     
   56.781135622712455     
   75.897517950359003     
   76.047520950419013     
   150.00000000000000     
   30.080601612032240     
   30.118602372047441     
   47.060941218824375     
   47.210944218884379     
   56.167123342466851     
   56.293125862517250     
   62.417248344966900     
   62.469249384987698     
   150.00000000000000     
   7.2261445228904577     
   7.3501470029400586     
   14.584291685833717     
   14.738294765895319     
   18.920378407568151     
   19.056381127622551     
   150.00000000000000     
   25.508510170203404     
   25.616512330246604     
   27.472549450989021     
   27.524550491009819     
   56.869137382747653     
   57.009140182803655     
   150.00000000000000     
   150.00000000000000     
   33.002660053201062     
   33.124662493249865     
   68.131362627252543     
   68.171363427268545     
   87.489749794995902     
   87.603752075041498     
   150.00000000000000     
   1.6900338006760136     
   1.7280345606912138     
   20.328406568131363     
   20.374407488149764     
   43.574871497429946     
   43.644872897457951     
   57.673153463069262     
   57.751155023100459     
   65.061301226024526     
   65.177303546070917     
   94.905898117962366     
   94.997899957999167     
   150.00000000000000     
   150.00000000000000     
   22.574451489029780     
   22.660453209064180     
   39.936798735974719     
   40.044800896017918     
   73.927478549570992     
   74.047480949618986     
   78.443568871377423     
   78.495569911398235     
   79.409588191763831     
   79.451589031780642     
   150.00000000000000     
   8.4921698433968675     
   8.5561711234224678     
   20.562411248224965     
   20.690413808276165     
   61.879237584751692     
   150.00000000000000     
   14.930298605972119     
   15.030300606012121     
   22.452449048980981     
   22.578451569031380     
   22.596451929038579     
   86.495729914598286     
   86.671733434668695     
   89.347786955739110     
   89.395787915758319     
   97.851957039140785     
   97.961959239184779     
   150.00000000000000     
   150.00000000000000     
