0.0,1.1230006694650678
0.010007147962830594,2.180813047239306
0.020014295925661188,1.8152711770818915
0.03002144388849178,1.650644602784574
0.040028591851322376,1.046801796092289
0.05003573981415296,0.9791190046625705
0.06004288777698356,0.7755273276646357
0.07005003573981415,1.1371919999232194
0.08005718370264475,1.281969619089871
0.09006433166547534,1.2253051852921397
0.10007147962830593,1.2452563685124727
0.11007862759113653,1.5869302478224216
0.12008577555396711,1.1629556105143317
0.13009292351679771,1.2260398571776836
0.1401000714796283,1.2685782346358412
0.1501072194424589,1.322561318994338
0.1601143674052895,1.3053060836661092
0.1701215153681201,1.0649375974557795
0.18012866333095068,1.1036753730689066
0.19013581129378126,1.219630931716538
0.20014295925661185,1.2240646890243447
0.21015010721944247,1.2992173547705377
0.22015725518227305,1.324446918798284
0.23016440314510364,1.0228173320335698
0.24017155110793423,1.1400429318505996
0.25017869907076484,1.239681918025111
0.26018584703359543,1.1824168165761086
0.270192994996426,1.2040724808987422
0.2802001429592566,1.1760320290588704
0.2902072909220872,0.9436810052456965
0.3002144388849178,1.4232006239997779
0.31022158684774837,1.0807592199190825
0.320228734810579,1.0602085281975682
0.3302358827734096,0.9647750553664471
0.3402430307362402,1.022801613770627
0.35025017869907077,1.0032171194894612
0.36025732666190136,1.1224158526222832
0.37026447462473194,1.3772569579020877
0.38027162258756253,0.9996000421783855
0.3902787705503931,1.1156014624064006
0.4002859185132237,0.9984558560039553
0.41029306647605435,1.1448568129958467
0.42030021443888493,1.0196150199758853
0.4303073624017155,1.0807915530253567
0.4403145103645461,1.2184087709189406
0.4503216583273767,0.7391045154381307
0.4603288062902073,1.0763198471025404
0.47033595425303787,0.8019795368988427
0.48034310221586846,0.9803100639498215
0.49035025017869904,0.9443935586582043
0.5003573981415297,1.3788500472176142
0.5103645461043602,0.9380391934128887
0.5203716940671909,0.7816484893413873
0.5303788420300214,1.063159404846101
0.540385989992852,0.6608008092902128
0.5503931379556827,1.079993606405142
0.5604002859185132,1.058840157577087
0.5704074338813439,1.1836230051225922
0.5804145818441744,0.875656774067117
0.590421729807005,0.9623443232166697
0.6004288777698356,1.0391515163536587
0.6104360257326662,1.1179279966052311
0.6204431736954967,0.782871199796348
0.6304503216583274,0.6599756384077077
0.640457469621158,1.3191347482816775
0.6504646175839885,0.7383102460800234
0.6604717655468192,0.9968060925528586
0.6704789135096497,0.7403670622655969
0.6804860614724804,0.6226862400613653
0.6904932094353109,0.8747671702985989
0.7005003573981415,0.7007662046696146
0.7105075053609721,1.2015588182332855
0.7205146533238027,0.7211673141772811
0.7305218012866334,0.8598621815140336
0.7405289492494639,0.978798233269706
0.7505360972122945,1.0414860377548545
0.7605432451751251,0.7539740444657361
0.7705503931379557,0.8587905652479969
0.7805575411007862,1.097126716530891
0.7905646890636169,0.917167033452563
0.8005718370264474,0.902277724343853
0.810578984989278,0.816734377013526
0.8205861329521087,0.7339414522827008
0.8305932809149392,0.8971035068245472
0.8406004288777699,0.8359103870026305
0.8506075768406004,0.9035265530598644
0.860614724803431,1.0367342100490906
0.8706218727662616,0.5974695828964315
0.8806290207290922,0.7752297244015108
0.8906361686919227,1.0158956540028594
0.9006433166547534,0.7974942337125145
0.910650464617584,0.9570935635773935
0.9206576125804146,0.9362298806358723
0.9306647605432452,0.8795511443849946
0.9406719085060757,1.0339330549564076
0.9506790564689064,0.855575660231366
0.9606862044317369,0.7140054042185963
0.9706933523945676,0.7114703612128486
0.9807005003573981,0.6010226899633381
0.9907076483202287,0.6982368862536877
1.0007147962830594,0.7935593183125973
1.01072194424589,0.8547329113339919
1.0207290922087204,0.7531508536767718
1.0307362401715512,0.6155329435198191
1.0407433881343817,0.7942761146021031
1.0507505360972123,0.8362047801382844
1.0607576840600428,0.6535500274404299
1.0707648320228735,0.8162375445553632
1.080771979985704,0.8370636699977133
1.0907791279485346,0.5366122737069766
1.1007862759113654,0.8351647535280066
1.1107934238741959,0.6515481366784199
1.1208005718370264,0.7727604080508327
1.130807719799857,0.7562692277602457
1.1408148677626877,0.6542935511368893
1.1508220157255182,0.5918538549551268
1.1608291636883488,0.8338685745072085
1.1708363116511795,0.7351090585226417
1.18084345961401,0.5534930968735697
1.1908506075768406,0.7302693714965703
1.2008577555396711,0.610245688618999
1.2108649035025019,0.5578369080062585
1.2208720514653324,0.5298223447929516
1.230879199428163,0.8735111439877298
1.2408863473909935,0.5958757777147039
1.2508934953538242,0.6311004145646222
1.2609006433166547,0.6362129010900894
1.2709077912794853,0.6930047893536694
1.280914939242316,0.7291151421180301
1.2909220872051466,0.6151076214255798
1.300929235167977,0.6750210608608413
1.3109363831308076,0.8119652469588412
1.3209435310936384,0.45106169167814697
1.330950679056469,0.6330527666363299
1.3409578270192994,0.47263658486074706
1.3509649749821302,0.5539172114911154
1.3609721229449607,0.5514532370963827
1.3709792709077913,0.5130592981510864
1.3809864188706218,0.7730616781896061
1.3909935668334525,0.6738128978219166
1.401000714796283,0.5734544946247053
1.4110078627591136,0.7322129401375169
1.4210150107219441,0.4318377130707618
1.431022158684775,0.7506613708487287
1.4410293066476054,0.549826353904197
1.451036454610436,0.5329659920431742
1.4610436025732667,0.6318700445818309
1.4710507505360972,0.4717794543840382
1.4810578984989278,0.6517805553071004
1.4910650464617583,0.6710431572900254
1.501072194424589,0.450205038503028
1.5110793423874196,0.5898117689415018
1.5210864903502501,0.7909968910445209
1.5310936383130809,0.5910444175675518
1.5411007862759114,0.4913567661742226
1.551107934238742,0.6938459952453256
1.5611150822015725,0.508572574829811
1.5711222301644032,0.5969726162286232
1.5811293781272338,0.41022007870009425
1.5911365260900643,0.6089730420819336
1.6011436740528948,0.6730446959010163
1.6111508220157256,0.3106522511711905
1.621157969978556,0.5533634640965528
1.6311651179413866,0.474205047788382
1.6411722659042174,0.652308894564494
1.651179413867048,0.6306199317485448
1.6611865618298784,0.47025163344590154
1.671193709792709,0.5146591250323556
1.6812008577555397,0.4681962639648392
1.6912080057183703,0.4874191150931345
1.7012151536812008,0.6885631437843079
1.7112223016440316,0.4906287446047613
1.721229449606862,0.4697640879803497
1.7312365975696926,0.5310452204522899
1.7412437455325231,0.4894610642898819
1.751250893495354,0.591035407004787
1.7612580414581844,0.4102432560913502
1.771265189421015,0.5313482482951799
1.7812723373838455,0.507314794849802
1.7912794853466762,0.3681800881016706
1.8012866333095068,0.6122358961044836
1.8112937812723373,0.4693800973815155
1.821300929235168,0.3521620010410919
1.8313080771979986,0.4502200906476142
1.8413152251608291,0.3485968845788541
1.8513223731236597,0.45181896176044767
1.8613295210864904,0.288178968155512
1.871336669049321,0.24905352169135228
1.8813438170121515,0.5102278987883367
1.8913509649749822,0.5509546124395905
1.9013581129378128,0.40903544540880366
1.9113652609006433,0.5265712713233841
1.9213724088634738,0.4473794382314872
1.9313795568263046,0.5490035851870093
1.941386704789135,0.5704987948394862
1.9513938527519656,0.5105555883794834
1.9614010007147962,0.41138522018988866
1.971408148677627,0.4890029579766894
1.9814152966404575,0.4493160846444152
1.991422444603288,0.6086107979819614
2.0014295925661187,0.40899544150595707
2.011436740528949,0.5681565353336983
2.02144388849178,0.29100551862859547
2.0314510364546106,0.2478287019832421
2.041458184417441,0.468931114975116
2.0514653323802716,0.42776423490486865
2.0614724803431024,0.3089946345861184
2.0714796283059327,0.37294778057421896
2.0814867762687634,0.4501944461687626
2.091493924231594,0.40694743144246603
2.1015010721944245,0.187402609432717
2.1115082201572553,0.4881552595513977
2.1215153681200856,0.5469632553861209
2.1315225160829163,0.44697109211976627
2.141529664045747,0.40573972930724983
2.1515368120085774,0.38776279126452196
2.161543959971408,0.49010069217713786
2.171551107934239,0.3905309357112399
2.181558255897069,0.3105399083805544
2.1915654038599,0.3493234410412638
2.2015725518227307,0.42975477263545003
2.211579699785561,0.4081707919672936
2.2215868477483918,0.48693910230964754
2.2315939957112225,0.24657991150769729
2.241601143674053,0.27101078799281525
2.2516082916368836,0.4506197225799523
2.261615439599714,0.2073802025720434
2.2716225875625446,0.30609112457262816
2.2816297355253754,0.4477231117676366
2.2916368834882057,0.34569157602238126
2.3016440314510365,0.3665483692345433
2.311651179413867,0.4677147923460431
2.3216583273766975,0.2853560845662066
2.3316654753395283,0.4089878861124733
2.341672623302359,0.5281546152556147
2.3516797712651893,0.4077224745105512
2.36168691922802,0.44731602651825786
2.3716940671908504,0.3453307819716948
2.381701215153681,0.4072986217784154
2.391708363116512,0.24853846184625578
2.4017155110793422,0.32615412002082217
2.411722659042173,0.3241635628918602
2.4217298070050037,0.366515601436731
2.431736954967834,0.2677141227740771
2.441744102930665,0.286930141844767
2.4517512508934955,0.2848981420341332
2.461758398856326,0.20817846453028926
2.4717655468191566,0.38610597550646536
2.481772694781987,0.3661374956420195
2.4917798427448177,0.464491274450316
2.5017869907076484,0.3285632457169998
2.5117941386704787,0.3657304425155381
2.5218012866333095,0.26612278851247023
2.5318084345961402,0.3633144395690078
2.5418155825589706,0.22613875304863965
2.5518227305218013,0.30493940955692406
2.561829878484632,0.2856894891177013
2.5718370264474624,0.2657386375838045
2.581844174410293,0.3052901350570585
2.591851322373124,0.28487492937524445
2.601858470335954,0.3064984520515145
2.611865618298785,0.22607541218345237
2.6218727662616153,0.3288742635114605
2.631879914224446,0.32892148559010165
2.6418870621872768,0.445682922640953
2.651894210150107,0.3469144520437547
2.661901358112938,0.34648183451684367
2.6719085060757686,0.22813077537562076
2.681915654038599,0.4461302729143625
2.6919228020014296,0.32451427925409904
2.7019299499642604,0.22334613876908258
2.7119370979270907,0.16651410632346222
2.7219442458899215,0.3065136489156185
2.7319513938527518,0.3857861354409576
2.7419585418155825,0.22576293876887618
2.7519656897784133,0.3669291686544938
2.7619728377412436,0.4505307654584916
2.7719799857040743,0.24608229511844462
2.781987133666905,0.16530580910387777
2.7919942816297354,0.364473812051642
2.802001429592566,0.3657947811345727
2.812008577555397,0.3236585924610592
2.822015725518227,0.24688212539295656
2.832022873481058,0.1264816519210103
2.8420300214438883,0.2841056233745471
2.852037169406719,0.3448661450372404
2.86204431736955,0.34373059611426166
2.87205146533238,0.3648824422582606
2.882058613295211,0.28726644200853063
2.8920657612580416,0.3249613159811652
2.902072909220872,0.18489013185324354
2.9120800571837027,0.20529782139799713
2.9220872051465334,0.2044736488476709
2.9320943531093637,0.2461138054545507
2.9421015010721945,0.24533014798101158
2.9521086490350252,0.224458762318416
2.9621157969978555,0.22370596577319077
2.9721229449606863,0.22371314925850583
2.9821300929235166,0.3848653191837006
2.9921372408863474,0.20288180232615236
3.002144388849178,0.2841307590555972
3.0121515368120084,0.22333779892516417
3.022158684774839,0.266513316171683
3.03216583273767,0.1476979619983663
3.0421729807005002,0.24528963566889334
3.052180128663331,0.30487363271818657
3.0621872766261617,0.20488242657559774
3.072194424588992,0.30649090932641904
3.082201572551823,0.0849777892624196
3.092208720514653,0.18405858926103613
3.102215868477484,0.20489778932498237
3.1122230164403146,0.3040416330408782
3.122230164403145,0.2829224487837257
3.1322373123659757,0.20371395559583239
3.1422444603288064,0.14489812231079022
3.1522516082916368,0.1829533348673583
3.1622587562544675,0.26449812212903284
3.1722659042172983,0.1844982663184723
3.1822730521801286,0.16608148596897748
3.1922802001429593,0.18452161351962126
3.2022873481057896,0.14413012218647409
3.2122944960686204,0.18533794318500313
3.222301644031451,0.24408194951601112
3.2323087919942814,0.2069374949902926
3.242315939957112,0.36326514644242336
3.252323087919943,0.30406546619144104
3.2623302358827733,0.18447363597985958
3.272337383845604,0.26296211617180637
3.2823445318084348,0.26486563899031507
3.292351679771265,0.24332978330898292
3.302358827734096,0.24488243918364735
3.3123659756969266,0.18410565498659948
3.322373123659757,0.14209763923988844
3.3323802716225877,0.14448035893397107
3.342387419585418,0.14647348852378117
3.3523945675482487,0.22405826299169904
3.3624017155110795,0.16486611252385588
3.37240886347391,0.1436902727158324
3.3824160114367405,0.12372195264788895
3.3924231593995713,0.16327362925716798
3.4024303073624016,0.16448148218511835
3.4124374553252323,0.20327381504778758
3.422444603288063,0.20366514324132262
3.4324517512508934,0.24404161990935613
3.442458899213724,0.24248130618522065
3.4524660471765545,0.14481696371996677
3.4624731951393852,0.14207282919186387
3.472480343102216,0.20245700205589207
3.4824874910650463,0.12449764865167731
3.492494639027877,0.22444146291600142
3.502501786990708,0.14521841645724787
3.512508934953538,0.2428489959132478
3.522516082916369,0.20404898624653214
3.5325232308791996,0.1816651429199673
3.54253037884203,0.2652572995302708
3.5525375268048607,0.1424577862492714
3.562544674767691,0.12289777972362707
3.5725518227305217,0.16327346907154439
3.5825589706933525,0.16525762298890606
3.592566118656183,0.16404931264786338
3.6025732666190136,0.22284964820621112
3.6125804145818443,0.24442577633556847
3.6225875625446746,0.2648331398529839
3.6325947105075054,0.14366546292749216
3.642601858470336,0.16446546606098494
3.6526090064331664,0.16488145664402284
3.662616154395997,0.183641795913298
3.672623302358828,0.12084882350487669
3.6826304503216583,0.2036421093863993
3.692637598284489,0.16444930272789
3.7026447462473193,0.24488994957458643
3.71265189421015,0.282841449999675
3.722659042172981,0.10281713332367776
3.732666190135811,0.12243346925962559
3.742673338098642,0.24249729959703348
3.7526804860614726,0.10205729992212847
3.762687634024303,0.20448194285591306
3.7726947819871337,0.1216253030452527
3.7827019299499645,0.10248114592916947
3.7927090779127948,0.1416651364596762
3.8027162258756255,0.18208915566236525
3.812723373838456,0.16448161357711835
3.8227305218012866,0.08326531571993812
3.8327376697641173,0.20362466606093274
3.8427448177269476,0.12244082625180372
3.8527519656897784,0.1016651394625322
3.862759113652609,0.10244866906514595
3.8727662616154395,0.06325713972367471
3.88277340957827,0.1016654660008997
3.892780557541101,0.14206514330905917
3.9027877055039313,0.18204961299850508
3.912794853466762,0.12085746273042337
3.9228020014295923,0.16324819239188848
3.932809149392423,0.20284898273034457
3.942816297355254,0.10366530266642236
3.952823445318084,0.08287297959844002
3.962830593280915,0.12127345659149168
3.9728377412437457,0.101665305989353
3.982844889206576,0.12287297358610694
3.9928520371694067,0.18125729357581058
4.0028591851322375,0.14164930285975205
4.012866333095068,0.10087363258754921
4.022873481057898,0.08164914291735607
4.032880629020729,0.16164145959186235
4.04288777698356,0.14163283898391352
4.05289492494639,0.1444092996545828
4.062902072909221,0.18407267540754232
4.072909220872051,0.06284946253855037
4.082916368834882,0.22084881306388796
4.092923516797713,0.06044976679186185
4.102930664760543,0.12327296359439777
4.1129378127233736,0.061633146246531656
4.122944960686205,0.20245681939594448
4.132952108649035,0.12364113972359896
4.142959256611865,0.08125698624269269
4.152966404574697,0.12043266605325367
4.162973552537527,0.14087345306248195
4.172980700500357,0.12284929325829537
4.182987848463188,0.14245730925189384
4.192994996426019,0.14444097306388792
4.203002144388849,0.04083282618253059
4.21300929235168,0.12362482586506857
4.2230164403145105,0.12244849665039517
4.233023588277341,0.06168914266516743
4.243030736240171,0.18166529645332793
4.253037884203002,0.1624499363969572
4.263045032165833,0.10284163239186078
4.273052180128663,0.10201650311695466
4.283059328091494,0.08084113312517538
4.2930664760543245,0.20202450278671472
4.303073624017155,0.0816244993999125
4.313080771979986,0.08204881312653162
4.323087919942816,0.18205761005340265
4.333095067905647,0.06084914272783724
4.343102215868478,0.10204065305871879
4.353109363831308,0.08044145012234707
4.363116511794138,0.10245649658511569
4.37312365975697,0.16210496979986236
4.3831308077198,0.06204833344911673
4.39313795568263,0.0824489794611236
4.403145103645461,0.0412403397185808
4.413152251608292,0.08365729633034398
4.423159399571122,0.12163266579604741
4.433166547533953,0.12166465325453166
4.4431736954967835,0.08246448691592043
4.453180843459614,0.12324113012247408
4.463187991422445,0.12162497632781168
4.473195139385275,0.042840490055785
4.483202287348106,0.06324848678791889
4.493209435310936,0.08241682906002129
4.503216583273767,0.14244801325332743
4.5132237312365975,0.08206464359324322
4.523230879199428,0.062456969862503445
4.533238027162259,0.061240493126608425
4.543245175125089,0.0808732961306384
4.55325232308792,0.16166512999191254
4.563259471050751,0.1416728194624789
4.573266619013581,0.08283282585874181
4.583273766976411,0.1412246499291157
4.593280914939243,0.14244065952519835
4.603288062902073,0.14243248672130718
4.613295210864903,0.08284066278671673
4.623302358827734,0.1616406498010389
4.633309506790565,0.020848813121409567
4.643316654753395,0.16126448653186717
4.653323802716226,0.022832816325279306
4.663330950679057,0.1824246595905572
4.673338098641887,0.12000064999434654
4.683345246604718,0.08084096992783726
4.693352394567548,0.06282450912653215
4.703359542530379,0.2012332961947162
4.713366690493209,0.12324080999186185
4.72337383845604,0.14246529626119941
4.7333809864188705,0.0632404965159962
4.743388134381701,0.10122608685196959
4.753395282344532,0.1428174467227418
4.763402430307362,0.06081616979717226
4.773409578270193,0.08124880980106498
4.783416726233024,0.042464496389121045
4.793423874195854,0.06165664345997107
4.8034310221586844,0.0420003301158682
4.813438170121516,0.061656489738293824
4.823445318084346,0.0616409635253013
4.833452466047176,0.04200865293460636
4.8434596140100075,0.08123249324810297
4.853466761972838,0.041649286982528545
4.863473909935668,0.08244033319042615
4.873481057898499,0.08123232346135202
4.88348820586133,0.10042432985999568
4.89349535382416,0.040440976449485834
4.903502501786991,0.040456969926478875
4.913509649749821,0.10041682899724907
4.923516797712652,0.12284865287449807
4.933523945675483,0.10122400985994345
4.943531093638313,0.0020243394663946764
4.9535382416011435,0.020416166534504
4.963545389563974,0.1424483235239957
4.973552537526805,0.10202433632397014
4.983559685489635,0.04243264979847836
4.993566833452466,0.08121632960517179
5.003573981415297,0.10286448986119837
5.013581129378127,0.08242481613576043
5.0235882773409575,0.04081664998799571
5.033595425303789,0.04243233625999413
5.043602573266619,0.061240326598502995
5.053609721229449,0.0812249889306655
5.0636168691922805,0.08122465625863942
5.073624017155111,0.08203264986114714
5.083631165117941,0.10202417620106502
5.093638313080772,0.08124848998405483
5.103645461043603,0.06202480352263834
5.113652609006433,0.08164865306503735
5.123659756969264,0.06043265651599463
5.133666904932094,0.12161729632130772
5.143674052894925,0.1216411299238687
5.153681200857756,0.08122512358663886
5.163688348820586,0.06123264979591886
5.173695496783417,0.041624973059893815
5.183702644746248,0.02083232659589174
5.193709792709078,0.06085634253447734
5.203716940671908,0.04081601619842875
5.213724088634739,0.061632166597199396
5.22373123659757,0.06324080340114077
5.2337383845604,0.0012163299265541337
5.2437455325232305,0.042048333251920915
5.253752680486062,0.062032480323866684
5.263759828448892,0.041240489601306635
5.273766976411722,0.10200864045314616
5.2837741243745535,0.08200881620101226
5.293781272337384,0.042440646403970606
5.303788420300214,0.04162481286543466
5.313795568263045,0.04241728358661224
5.323802716225876,0.06040081305986662
5.333809864188706,0.06081633299458615
5.343817012151537,0.0012001761294085434
5.3538241601143675,0.08282464665989175
5.363831308077198,0.020832163394588706
5.373838456040029,0.04084016327175734
5.383845604002859,0.06123249946122294
5.39385275196569,0.06084032013066398
5.403859899928521,0.06081681299594346
5.413867047891351,0.08084017305863987
5.423874195854181,0.020008176194640407
5.433881343817012,0.021608966658611714
5.443888491779843,0.041208496130586116
5.453895639742673,0.04202480333191733
5.4639027877055035,0.0012244898586373225
5.473909935668335,0.06040817613066446
5.483917083631165,0.10042448659727413
5.493924231593995,0.06080880339463735
5.5039313795568265,0.0016164928013829225
5.513938527519657,0.10080832038919835
5.523945675482487,0.0004166400679434451
5.533952823445318,0.0208244897946394
5.543959971408149,0.02120832646917279
5.553967119370979,0.041224483331892756
5.56397426733381,0.06160817299461175
5.5739814152966405,0.12082449299589378
5.583988563259471,0.2000163267213573
5.593995711222302,0.0012166401933317124
5.604002859185132,0.08004048678786663
5.614010007147963,0.04041648646535782
5.624017155110794,0.022032163328103444
5.634024303073624,0.08041648333445277
5.644031451036454,0.08084848960263838
5.654038598999286,0.06000849292807734
5.664045746962116,0.04080064985989225
5.674052894924946,0.060848000003968596
5.6840600428877766,0.001200483337011211
5.694067190850608,0.0012241697958410343
5.704074338813438,0.061216496067866624
5.714081486776268,0.04163248326402615
5.7240886347391,0.04082400647173223
5.73409578270193,0.020824649794612224
5.74410293066476,0.020056323395867656
5.754110078627591,0.08083281619335937
5.764117226590422,0.021616326597146632
5.774124374553252,8.809797197835284e-06
5.784131522516083,0.08040800332930714
5.7941386704789135,0.08080033299466446
5.804145818441744,0.04041616333317226
5.814152966404575,0.06121632653440205
5.824160114367405,0.041232009729382436
5.834167262330236,0.08001616339589328
5.844174410293067,0.061200172866585606
5.854181558255897,0.06122416339586716
5.8641887062187275,0.020416323333197855
5.874195854181559,0.12043248345863836
5.884203002144389,0.020016323202561054
5.894210150107219,0.0008166464705029336
5.9042172980700505,0.08283248998535836
5.914224446032881,0.060024163458587146
5.924231593995711,0.08042448326535734
5.934238741958541,0.06081617933063836
5.944245889921373,0.08081616672263683
5.954253037884203,0.041208169666587156
5.964260185847033,0.02042432013319733
5.974267333809864,0.041616489729383976
5.984274481772695,0.04083248967047784
5.994281629735525,0.020408480326451723
6.004288777698356,0.08042433920384054
6.0142959256611865,0.060816326786587147
6.024303073624017,0.06040800646914714
6.034310221586848,0.12002400646407786
6.044317369549678,0.06084032332928105
6.054324517512509,0.04082416985605123
6.06433166547534,0.022032649731866645
6.07433881343817,0.08200034892935733
6.0843459614010005,0.12081600985738394
6.094353109363832,0.04040816646663937
6.104360257326662,0.020400006528028203
6.114367405289492,0.040808009666611224
6.1243745532523235,0.04120064653061279
6.134381701215154,0.023224486592052226
6.144388849177984,0.061200323266637324
6.154395997140815,0.0008083264691983671
6.164403145103646,0.08080816979842619
6.174410293066476,0.040016483525171224
6.184417441029306,0.04121632013312051
6.194424588992137,0.020016169665332754
6.204431736954968,0.020808003393331734
6.214438884917798,0.001208169666690048
6.224446032880629,0.02040048326661121
6.23445318084346,0.040800492930636804
6.24446032880629,0.06044816346368205
6.254467476769121,0.021208169730612746
6.264474624731951,0.060400483270477826
6.274481772694782,0.020824326531867166
6.284488920657613,0.04083232640386818
6.294496068620443,0.040808800064051215
6.3045032165832735,0.040808486529331736
6.314510364546105,0.020400483200051712
6.324517512508935,0.040008166465409035
6.334524660471765,0.04120064979591733
6.3445318084345965,0.04081648979333177
6.354538956397427,0.040400326531892745
6.364546104360257,0.021200000131918348
6.374553252323088,0.04041632326791937
6.384560400285919,8.326528052245098e-06
6.394567548248749,1.6006469121034454e-05
6.404574696211579,0.020016163393383433
6.4145818441744105,0.020832003393305612
6.424588992137241,0.0016084834560015466
6.434596140100071,0.04040800006407785
6.444603288062902,0.020816326528051734
6.454610436025733,0.02000016006528051
6.464617583988563,0.02000848653056003
6.474624731951394,0.04080816332802561
6.484631879914224,0.021224326466611723
6.494639027877055,0.04044032006533124
6.504646175839886,0.06002416326528051
6.514653323802716,0.060008163330586665
6.5246604717655465,0.02241648960005276
6.534667619728378,0.020400003201332746
6.544674767691208,0.04041616640261226
6.554681915654038,0.06004032352000053
6.5646890636168695,0.06042416013186611
6.5746962115797,0.04000816640256053
6.58470335954253,0.0016001600013061223
6.594710507505361,0.06002432332933222
6.604717655468192,0.0200083232653056
6.614724803431022,0.020416166658560525
6.624731951393853,0.020400489600076822
6.6347390993566835,0.041216323200002083
6.644746247319514,0.04120016006528103
6.654753395282344,0.0008321632013322345
6.664760543245175,0.08081632659586563
6.674767691208006,0.04080864640002663
6.684774839170836,0.020808643330586664
6.694781987133667,0.06040800006400155
6.704789135096497,0.0004161600653317122
6.714796283059328,0.04000832640386611
6.724803431022159,0.040800169794611735
6.734810578984989,0.040408640128025634
6.74481772694782,3.2006528e-07
6.754824874910651,8.003330611742924e-06
6.764832022873481,0.080016006528
6.774839170836311,0.0004001632000271565
6.784846318799143,0.04000016000128103
6.794853466761973,0.060000163200051713
6.804860614724803,0.04040832013058717
6.814867762687634,0.02040000659589121
6.824874910650465,0.0012163296665861324
6.834882058613295,0.0004081632013317231
6.844889206576126,0.060016483200026116
6.8548963545389565,0.08041632013186611
6.864903502501787,0.020808160128026124
6.874910650464618,0.060408163329281034
6.884917798427448,0.020416166402587657
6.894924946390279,0.0008080096653061426
6.904932094353109,0.0008083235200512004
6.91493924231594,0.020416006529280533
6.9249463902787705,0.0012160033305856001
6.934953538241601,0.040408000065331205
6.944960686204432,0.020024483265280522
6.954967834167262,0.020008006464051743
6.964974982130093,0.020008003201306662
6.974982130092924,0.0604081632000768
6.984989278055754,1.616326656003072e-05
6.994996426018584,0.04041600320128001
7.005003573981416,0.020000169794612232
7.015010721944246,0.00042416000256052246
7.025017869907076,8.169730663445103e-06
7.035025017869907,0.02000800006786612
7.045032165832738,0.0004083328000010445
7.055039313795568,0.0008000032000000105
7.065046461758399,0.02000816006789121
7.0750536097212295,0.0004004800653066343
7.08506075768406,0.04040016000258612
7.095067905646891,0.020024166464
7.105075053609721,0.020008480000051242
7.115082201572552,0.020408323266561043
7.125089349535382,0.02080800000386612
7.135096497498213,1.6160000000010857e-05
7.1451036454610435,0.0012001632640010343
7.155110793423874,0.04001617292928052
7.165117941386705,0.04041600326656053
7.175125089349535,0.04080000646530612
7.185132237312366,0.00040816326402716695
7.195139385275197,0.000408163264001024
7.205146533238027,0.0008000000000517123
7.215153681200857,0.0204003265293056
7.225160829163689,0.020800160000026113
7.235167977126519,0.020400000002612252
7.245175125089349,0.02002432012802612
7.25518227305218,0.02000000000010241
7.265189421015011,0.0008081664653061328
7.275196568977841,0.0004081697933061225
7.285203716940672,0.0004080000666117225
7.295210864903503,0.02040800000256052
7.305218012866333,0.04001600000389171
7.315225160829164,0.020008320065306628
7.325232308791994,0.0812003232640256
7.335239456754825,6.400051200016552e-11
7.345246604717656,0.020416163328000513
7.355253752680486,0.02000832646530612
7.3652609006433165,0.020008000066560533
7.375268048606147,0.020400160257331722
7.385275196568978,8.320193280522443e-06
7.395282344531808,0.001208009665280512
7.405289492494639,0.0008080032653573126
7.41529664045747,0.04081648006530662
7.4253037884203,0.06040816320128001
7.4353109363831305,0.040000166529305596
7.445318084345962,8.160064051230726e-06
7.455325232308792,0.0004000000640256004
7.465332380271622,0.040800003200001544
7.4753395282344535,1.6000000051722447e-05
7.485346676197284,0.040416326464
7.495353824160114,0.0208160000013056
7.505360972122945,3.200640512002048e-07
7.515368120085776,0.0012080032000266344
7.525375268048606,0.02000800320000001
7.535382416011437,0.0008003264013056003
7.545389563974267,0.06040032006530613
7.555396711937098,0.0200244800025856
7.565403859899929,0.040008163264025606
7.575411007862759,0.04040816320002613
7.5854181558255895,0.020400000002611208
7.595425303788421,8.003329280010244e-06
7.605432451751251,8.480000026122452e-06
7.615439599714081,0.0004000000013056309
7.625446747676912,0.02080000320128052
7.635453895639743,0.0004004800000000103
7.645461043602573,0.0004081664000261327
7.6554681915654035,0.02000800000002612
7.665475339528235,8.163200026122445e-06
7.675482487491065,0.02080000326402612
7.685489635453895,0.04040000012928001
7.6954967834167265,0.02000016640128051
7.705503931379557,0.0012081600640261327
7.715511079342387,1.3056002048835583e-12
7.725518227305218,0.020408160064001025
7.735525375268049,8.166400000010858e-06
7.745532523230879,8.16652800053248e-06
7.75553967119371,2.4163200000512207e-05
7.76554681915654,0.0012001600640005122
7.775553967119371,0.0204000000000512
7.785561115082202,0.020008166400025604
7.795568263045032,1.6320000000020898e-07
7.805575411007863,0.020000163265306643
7.815582558970694,8.326403840000004e-06
7.825589706933524,0.0012000000640005328
7.835596854896354,5.171220889763841e-14
7.845604002859185,0.0004000000000768103
7.855611150822016,0.0008004800000261119
7.865618298784846,0.020000003264000515
7.8756254467476765,8.00646528000041e-06
7.885632594710508,0.0004080032640005223
7.895639742673338,8.003265280010257e-06
7.905646890636168,0.0004000000012800002
7.9156540385989995,0.02000832000002611
7.92566118656183,3.916800413696001e-12
7.93566833452466,0.020408000064
7.945675482487491,3.2013061326888986e-09
7.955682630450322,0.0004001600000000207
7.965689778413152,1.2800000040960007e-12
7.975696926375983,0.04040816326533121
7.9857040743388135,3.2000000002088967e-09
7.995711222301644,8.000065280512e-06
8.005718370264475,0.0004000001280261228
8.015725518227304,0.02040800320128
8.025732666190136,8.003265280512009e-06
8.035739814152967,0.06001616326528051
8.045746962115796,0.0404
8.055754110078627,0.0004080032666368
8.065761258041459,0.020008160000001024
8.075768406004288,0.020400000000025603
8.08577555396712,0.0008083200013312107
8.09578270192995,0.0204003264653056
8.10578984989278,0.0200000000000256
8.115796997855611,0.040000000192025605
8.125804145818442,2.5610240000000664e-14
8.135811293781272,1.6320000001023997e-07
8.145818441744103,6.400026624417795e-09
8.155825589706934,0.020000323264
8.165832737669763,0.00040000320128000006
8.175839885632595,0.020808
8.185847033595426,0.0004080000026122241
8.195854181558255,0.00040816320128
8.205861329521086,0.0004000000000256205
8.215868477483918,0.020008000000025603
8.225875625446747,6.400051200008683e-11
8.235882773409578,0.020000003201356812
8.24588992137241,0.02040000326784
8.255897069335239,0.02040800332800002
8.26590421729807,1.6640002560000433e-07
8.275911365260901,0.00040800640128002075
8.28591851322373,3.2006528102400016e-07
8.295925661186562,0.020000000064
8.305932809149393,9.601280000000003e-09
8.315939957112223,3.264000000000001e-09
8.325947105075054,0.020400329664000533
8.335954253037885,0.0008080000000255999
8.345961401000714,1.6000002662420496e-07
8.355968548963546,8.006401331200004e-06
8.365975696926377,0.020000323200000013
8.375982844889206,0.0004000000652800002
8.385989992852037,8.000000026112204e-06
8.395997140814869,1.6000064001034445e-05
8.406004288777698,0.04040000006400001
8.41601143674053,0.02
8.42601858470336,1.664000000204801e-07
8.43602573266619,0.02040000640128
8.446032880629021,0.04040016
8.45604002859185,2.56051722240082e-10
8.466047176554682,8.163264051200001e-06
8.476054324517513,0.02040016
8.486061472480342,8.16000005121024e-06
8.496068620443173,1.6000002662400006e-07
8.506075768406005,0.020016160063999998
8.516082916368834,1.6390553600020975e-24
8.526090064331665,0.02000016000000001
8.536097212294496,0.020000160065305632
8.546104360257326,0.02040032006528051
8.556111508220157,8.160064000512206e-06
8.566118656182988,0.04000016320133119
8.576125804145818,6.400000020889929e-11
8.586132952108649,1.0248275558400006e-17
8.59614010007148,1.6000000001064964e-07
8.60614724803431,0.02000016000128001
8.61615439599714,1.2805171220897795e-10
8.626161543959972,3.2640000000042595e-09
8.636168691922801,1.600640000000082e-07
8.646175839885633,8e-06
8.656182987848464,0.0004001600013061222
8.666190135811293,8.000000025600203e-06
8.676197283774124,1.6320000001044485e-07
8.686204431736956,0.02000000320256
8.696211579699785,3.26530613248e-09
8.706218727662616,1.6320000000000003e-07
8.716225875625447,2.560000409776948e-14
8.726233023588277,3.2000128000020487e-07
8.736240171551108,1.2800000000000165e-10
8.74624731951394,0.0004000000653061222
8.756254467476769,1.6711680000000003e-24
8.7662616154396,0.021200000002560018
8.776268763402431,3.200000512000084e-09
8.78627591136526,1.6003200025610654e-05
8.796283059328092,8.00000002612224e-06
8.806290207290923,0.020008000065280012
8.816297355253752,0.0004000000000000102
8.826304503216583,8.160000000010445e-06
8.836311651179415,0.04040000320130611
8.846318799142244,1.6320000000000003e-07
8.856325947105075,0.04040016006400001
8.866333095067906,0.00040016000000000026
8.876340243030736,0.020408159999999998
8.886347390993567,8e-06
8.896354538956398,5.222400819534236e-16
8.906361686919228,0.10000000000128102
8.916368834882059,8.003328051200208e-06
8.92637598284489,8.32000128e-06
8.93638313080772,6.400000000827391e-11
8.94639027877055,0.0004001600000000207
8.95639742673338,0.00040016000002561026
8.966404574696211,0.00040816000128
8.976411722659043,1.2800051200409603e-10
8.986418870621872,8.16000128e-06
8.996426018584703,8.000000025600208e-06
9.006433166547534,2.048819200133693e-19
9.016440314510364,8.160000000000001e-06
9.026447462473195,8.000000025610239e-06
9.036454610436026,4.179592491832444e-21
9.046461758398856,0.020000003263999998
9.056468906361687,0.00040000000000051203
9.066476054324518,1.601280517120041e-07
9.076483202287347,6.53056e-11
9.086490350250179,8.000065280522239e-06
9.09649749821301,0.02
9.10650464617584,0.020007999999999998
9.11651179413867,8.00640002561024e-06
9.126518942101502,1.28001024e-12
9.136526090064331,0.00080016006528
9.146533238027162,0.020000160064000003
9.156540385989993,8.000000000000418e-06
9.166547533952823,5.120020488192e-14
9.176554681915654,3.2e-09
9.186561829878485,1.28e-12
9.196568977841315,3.2653568000040964e-09
9.206576125804146,0.0200080032000256
9.216583273766977,0.020000000000000007
9.226590421729806,4.177952768e-21
9.236597569692638,8.000064025600205e-06
9.246604717655469,0.02
9.256611865618298,6.4e-11
9.26661901358113,8.003200000512008e-06
9.27662616154396,8.160000000010242e-06
9.28663330950679,6.400000000409602e-09
9.296640457469621,3.2e-09
9.306647605432453,8.00000128e-06
9.316654753395282,8.00320000000041e-06
9.326661901358113,1.6000000001064964e-07
9.336669049320944,0.0204
9.346676197283774,3.2000000004095997e-09
9.356683345246605,6.402560000000166e-11
9.366690493209436,6.4e-11
9.376697641172266,0.0008000000012799999
9.386704789135097,3.2320000001044475e-07
9.396711937097928,0.020016159999999998
9.406719085060757,0.020400000000026123
9.416726233023589,0.0004
9.426733380986418,0.0204
9.43674052894925,0.00040016000128051204
9.44674767691208,8.19200131072e-23
9.45675482487491,2.5600000000819204e-12
9.466761972837741,2.6214404278190077e-31
9.476769120800572,5.122088976397242e-16
9.486776268763402,3.264000000000082e-09
9.496783416726233,4.09600065536e-21
9.506790564689064,1.024204801639068e-15
9.516797712651893,2.61120081936384e-14
9.526804860614725,1.280000004096e-12
9.536812008577556,0.02
9.546819156540385,6.400000000000083e-09
9.556826304503216,2.6738692195981722e-31
9.566833452466048,0.0004001600013056
9.576840600428877,3.2000000002047993e-09
9.586847748391708,0.00040000006527999996
9.59685489635454,6.400000010244097e-09
9.606862044317369,1.024417792e-17
9.6168691922802,1.336934609715201e-29
9.626876340243031,8.391963443200006e-40
9.63688348820586,0.02000000006400051
9.646890636168692,6.528000000000002e-11
9.656897784131523,1.0444800000000003e-17
9.666904932094353,8.00640128052224e-06
9.676912080057184,2.560000000003277e-14
9.686919228020015,6.402560000008519e-11
9.696926375982844,6.400001024409601e-11
9.706933523945676,8.00320000001024e-06
9.716940671908507,0.02
9.726947819871336,2.1474836480000543e-53
9.736954967834167,0.04
9.746962115796999,1.6000000000000419e-07
9.756969263759828,1.6000002559999999e-07
9.76697641172266,3.276800010485844e-26
9.77698355968549,0.020000000000025612
9.78699070764832,0.0200000000013056
9.796997855611151,1.63840000524288e-24
9.807005003573982,6.528000000008194e-11
9.817012151536812,3.276800000000001e-26
9.827019299499643,1.6000000000000006e-07
9.837026447462474,3.200000020480001e-09
9.847033595425303,0.02000000000000051
9.857040743388135,0.020408
9.867047891350966,2.5610240000032774e-14
9.877055039313795,3.2012800000040965e-09
9.887062187276626,0.00040000000128
9.897069335239456,0.020007999999999998
9.907076483202287,2.560000000000065e-14
9.917083631165118,0.00040000000000051203
9.927090779127948,8.000000000000003e-06
9.937097927090779,0.00040800000000001024
9.94710507505361,6.528000000008194e-11
9.95711222301644,0.00040015999999999994
9.96711937097927,3.200000000000001e-09
9.977126518942102,5.2428800000000005e-33
9.987133666904931,8.0000000256e-06
9.997140814867763,0.00040800000000000016
10.007147962830594,2.0488355841310723e-19
10.017155110793423,0.02
10.027162258756254,1.6000002559999999e-07
10.037169406719086,0.020000000000025612
10.047176554681915,1.28e-12
10.057183702644746,0.02
10.067190850607577,4.2949672960111065e-55
10.077197998570407,0.0004
10.087205146533238,2.147483648002748e-53
10.09721229449607,1.60000000512e-07
10.107219442458899,1.28e-12
10.11722659042173,2.6112000000000008e-14
10.127233738384561,8.160000000000003e-06
10.13724088634739,0.0004000000012800002
10.147248034310222,0.0004080032000000102
10.157255182273053,1.6000002559999999e-07
10.167262330235882,3.2665600002047995e-09
10.177269478198713,2.048e-19
10.187276626161545,8.00000000001024e-06
10.197283774124374,0.0208
10.207290922087205,1.6003264e-05
10.217298070050036,5.12e-16
10.227305218012866,3.2e-09
10.237312365975697,0.020000000064
10.247319513938528,3.201305600004096e-09
10.257326661901358,2.6112000001638415e-14
10.267333809864189,1.0240000000000001e-17
10.27734095782702,1.6e-07
10.28734810578985,0.02000800320000001
10.29735525375268,3.2e-09
10.307362401715512,3.200000000000001e-09
10.317369549678341,6.400000000000002e-11
10.327376697641172,2.56e-14
10.337383845604004,5.12e-16
10.347390993566833,3.2e-09
10.357398141529664,1.6711680000000003e-24
10.367405289492496,5.2428800000000005e-33
10.377412437455325,1.600000000102441e-07
10.387419585418156,6.4e-11
10.397426733380986,8.192e-23
10.407433881343817,1.3107200000838853e-29
10.417441029306648,1.6e-07
10.427448177269477,5.2428800000000005e-33
10.437455325232309,4.096000000005243e-21
10.44746247319514,1.600000000001024e-05
10.45746962115797,1.28e-12
10.4674767691208,8.00000000001024e-06
10.477483917083632,1.6000000052224002e-07
10.487491065046461,4.194304000000001e-38
10.497498213009292,4.097638426214401e-21
10.507505360972123,0.020000003199999998
10.517512508934953,4.096000000005243e-21
10.527519656897784,6.400000000000163e-11
10.537526804860615,1.048576000001342e-34
10.547533952823445,2.0971523355443202e-36
10.557541100786276,1.6777216000000005e-41
10.567548248749107,1.632000256e-07
10.577555396711936,2.6214400000000003e-31
10.587562544674768,8.0000000256e-06
10.597569692637599,0.02
10.607576840600428,2.048e-19
10.61758398856326,5.12e-16
10.62759113652609,6.5536e-28
10.63759828448892,0.0004000000025605122
10.647605432451751,6.4e-11
10.657612580414582,5.12e-16
10.667619728377412,0.0004000000000000102
10.677626876340243,0.00040000000000000013
10.687634024303074,1.6e-07
10.697641172265904,5.368709120000001e-50
10.707648320228735,8.19200131072e-23
10.717655468191566,2.56e-14
10.727662616154396,1.6e-07
10.737669764117227,2.5600000081920002e-14
10.747676912080058,1.048576000000671e-32
10.757684060042887,0.0004
10.767691208005719,8.192e-23
10.77769835596855,2.56e-14
10.78770550393138,0.0004000000000256002
10.79771265189421,2.0979908607999992e-36
10.807719799857042,0.0004
10.817726947819871,2.0897795276799995e-19
10.827734095782702,3.2e-09
10.837741243745533,0.02
10.847748391708363,1.28e-10
10.857755539671194,1.60000000512e-07
10.867762687634023,6.5536e-28
10.877769835596855,1.0240000000000001e-17
10.887776983559686,8.000000000000003e-06
10.897784131522515,1.0240000000000001e-17
10.907791279485346,2.1474836480000005e-53
10.917798427448178,3.355443200000001e-43
10.927805575411007,1.0995116279167373e-68
10.937812723373838,3.2e-09
10.94781987133667,1.6320000000000003e-07
10.957827019299499,5.12e-16
10.96783416726233,4.294967296000001e-55
10.977841315225161,8.000000000000205e-06
10.98784846318799,1.6e-07
10.997855611150822,5.12e-16
11.007862759113653,1.6e-07
11.017869907076483,8e-06
11.027877055039314,2.56e-14
11.037884203002145,5.12e-16
11.047891350964974,0.0004000000000000102
11.057898498927806,1.3421772800000002e-46
11.067905646890637,8.192e-23
11.077912794853466,0.02
11.087919942816297,4.194304000000001e-38
11.097927090779129,2.048e-19
11.107934238741958,2.6214400001677707e-31
11.11794138670479,2.148342641459199e-53
11.12794853466762,1.28e-12
11.13795568263045,8.388608026843543e-40
11.147962830593281,2.6214400000000003e-31
11.157969978556112,6.5536e-28
11.167977126518942,2.6214400000000003e-31
11.177984274481773,8.388608000000002e-40
11.187991422444604,0.0
11.197998570407433,3.5184372088832015e-77
11.208005718370265,3.2e-09
11.218012866333096,0.00040000000000000013
11.228020014295925,6.400000000008192e-11
11.238027162258756,3.3567853772799985e-43
11.248034310221588,1.638400262144e-24
11.258041458184417,2.6214400000000003e-31
11.268048606147248,4.0960000000000004e-21
11.27805575411008,0.0
11.288062902072909,6.710886400000001e-45
11.29807005003574,3.4225520640000874e-43
11.308077197998571,8.388608000000002e-40
11.3180843459614,2.1999028648542198e-70
11.328091493924232,5.2428800000000005e-33
11.338098641887063,1.0240000000000003e-17
11.348105789849892,6.871947673600002e-62
11.358112937812724,1.0444800000000264e-17
11.368120085775553,8.192e-23
11.378127233738384,0.0
11.388134381701216,2.6843545600000004e-48
11.398141529664045,0.0004
11.408148677626876,5.2449771519999986e-33
11.418155825589707,6.5536e-28
11.428162973552537,0.0
11.438170121515368,1.0485760000000001e-34
11.4481772694782,8.195276826214401e-23
11.458184417441029,3.2e-09
11.46819156540386,1.0240000000000001e-17
11.478198713366691,2.0971520000000004e-36
11.48820586132952,1.0240000000000001e-17
11.498213009292352,6.4000000008192e-11
11.508220157255183,8e-06
11.518227305218012,2.6843545600000004e-48
11.528234453180843,3.264000000000001e-09
11.538241601143675,2.1904333209600006e-53
11.548248749106504,8e-06
11.558255897069335,0.0
11.568263045032166,2.56e-14
11.578270192994996,8e-06
11.588277340957827,0.0
11.598284488920658,6.553600000419427e-28
11.608291636883488,8.003264e-06
11.618298784846319,8e-06
11.62830593280915,4.0960000000000004e-21
11.63831308077198,1.6384000001048568e-24
11.64832022873481,1.0485760000000001e-34
11.658327376697642,1.7179869184000005e-58
11.668334524660471,0.0
11.678341672623302,2.048e-19
11.688348820586134,0.0004
11.698355968548963,6.400000000409599e-11
11.708363116511794,1.6384000000000001e-24
11.718370264474625,6.4e-11
11.728377412437455,1.28e-12
11.738384560400286,0.0008
11.748391708363117,3.2768e-26
11.758398856325947,0.02
11.768406004288778,0.02
11.77841315225161,2.0971520000000004e-36
11.788420300214439,0.0
11.79842744817727,3.5184372088832015e-77
11.808434596140101,0.0
11.81844174410293,5.12e-16
11.828448892065762,3.2e-09
11.838456040028591,1.2800000000000325e-12
11.848463187991422,1.2800002048e-12
11.858470335954253,1.3421772800000002e-46
11.868477483917083,1.6777216000000005e-41
11.878484631879914,4.2949672960001085e-55
11.888491779842745,3.435973836800001e-60
11.898498927805575,1.28e-12
11.908506075768406,0.0
11.918513223731237,1.1258999068426246e-85
11.928520371694066,2.56e-14
11.938527519656898,1.3421772800000002e-46
11.948534667619729,8.388608000000002e-40
11.958541815582558,0.0
11.96854896354539,0.02
11.97855611150822,8.192e-23
11.98856325947105,0.02
11.998570407433881,1.3107200000000002e-29
12.008577555396712,6.400000000000002e-11
12.018584703359542,0.0
12.028591851322373,0.0
12.038598999285204,1.0240000000000001e-17
12.048606147248034,2.1474836480000005e-53
12.058613295210865,0.0
12.068620443173696,1.28e-12
12.078627591136526,0.0004
12.088634739099357,0.0004
12.098641887062188,1.1258999068426246e-85
12.108649035025017,0.0
12.118656182987849,1.4073748835532807e-80
12.12866333095068,0.02
12.13867047891351,8.192e-23
12.14867762687634,5.12e-16
12.158684774839172,0.0
12.168691922802001,0.0
12.178699070764832,0.0
12.188706218727663,0.0
12.198713366690493,0.0
12.208720514653324,5.368752069672958e-50
12.218727662616155,0.0
12.228734810578985,8e-06
12.238741958541816,0.0
12.248749106504647,0.0
12.258756254467476,8.589934592000002e-57
12.268763402430308,0.020000000001279997
12.278770550393139,6.5536e-28
12.288777698355968,4.294967296000001e-55
12.2987848463188,0.0
12.30879199428163,6.710886400000001e-45
12.31879914224446,0.0
12.328806290207291,0.02
12.33881343817012,2.147500827869183e-53
12.348820586132952,0.0
12.358827734095783,0.0
12.368834882058612,0.0
12.378842030021444,0.0
12.388849177984275,0.0
12.398856325947104,1.7179869184000005e-58
12.408863473909935,1.0737418240000003e-51
12.418870621872767,0.0
12.428877769835596,0.0
12.438884917798427,2.6214400000000003e-31
12.448892065761259,0.0
12.458899213724088,6.710886400000001e-45
12.46890636168692,0.0
12.47891350964975,0.0
12.48892065761258,4.0960000000000004e-21
12.498927805575411,1.6384000000000001e-24
12.508934953538242,0.0
12.518942101501072,7.036875543666307e-79
12.528949249463903,0.0
12.538956397426734,0.0
12.548963545389563,4.0960000000000004e-21
12.558970693352395,8e-06
12.568977841315226,0.0
12.578984989278055,1.3107200000000002e-29
12.588992137240886,1.28e-12
12.598999285203718,0.0
12.609006433166547,8.19200131072e-23
12.619013581129378,1.7179869184000005e-58
12.62902072909221,0.0
12.639027877055039,7.036874417766404e-79
12.64903502501787,0.0
12.659042172980701,1.3743895347200005e-63
12.66904932094353,0.0004
12.679056468906362,4.0960000000000004e-21
12.689063616869193,1.3421772800000002e-46
12.699070764832022,0.0
12.709077912794854,1.4073748835532807e-80
12.719085060757685,0.0
12.729092208720514,0.0
12.739099356683345,0.0
12.749106504646177,8.589934592000002e-57
12.759113652609006,1.3421772800000002e-46
12.769120800571837,2.1474836480000005e-53
12.779127948534668,6.5536e-28
12.789135096497498,8.000000000511999e-06
12.799142244460329,5.629499534213123e-84
12.809149392423159,1.6783926886399992e-41
12.81915654038599,0.0
12.829163688348821,0.0
12.83917083631165,0.0
12.849177984274482,3.276800000000001e-26
12.859185132237313,0.0
12.869192280200142,0.0
12.879199428162973,0.0
12.889206576125805,5.629499534213123e-84
12.899213724088634,0.0
12.909220872051465,1.0240000000000001e-17
12.919228020014296,0.0
12.929235167977126,0.0
12.939242315939957,1.3743895347200005e-63
12.949249463902788,4.3980465111040017e-72
12.959256611865618,1.3107200000000002e-29
12.969263759828449,2.6843545600000004e-48
12.97927090779128,1.6e-07
12.98927805575411,4.194304000000001e-38
12.99928520371694,0.0
13.009292351679772,0.0
13.019299499642601,3.355443200000001e-43
13.029306647605432,0.0
13.039313795568264,0.0
13.049320943531093,0.0
13.059328091493924,0.0
13.069335239456755,0.0
13.079342387419585,0.0
13.089349535382416,0.0
13.099356683345247,0.0
13.109363831308077,2.048e-19
13.119370979270908,0.0
13.129378127233739,0.0
13.139385275196569,1.6e-07
13.1493924231594,0.0
13.159399571122231,0.0
13.16940671908506,0.0
13.179413867047892,0.0
13.189421015010723,1.3421772800000002e-46
13.199428162973552,1.6777216000000005e-41
13.209435310936383,0.0
13.219442458899215,0.0
13.229449606862044,1.6384000000000001e-24
13.239456754824875,0.0
13.249463902787706,0.0
13.259471050750536,0.0
13.269478198713367,0.0
13.279485346676196,0.0
13.289492494639028,8.388608000000002e-40
13.299499642601859,0.0
13.309506790564688,0.0
13.31951393852752,0.0
13.32952108649035,0.0
13.33952823445318,0.0
13.349535382416011,2.1474836480000005e-53
13.359542530378842,6.5536e-28
13.369549678341672,0.0
13.379556826304503,0.0
13.389563974267334,0.0
13.399571122230164,0.0
13.409578270192995,0.0
13.419585418155826,0.0
13.429592566118655,0.0
13.439599714081487,0.0
13.449606862044318,0.0
13.459614010007147,0.0
13.469621157969978,2.8147497671065615e-82
13.47962830593281,8.192e-23
13.48963545389564,0.0
13.49964260185847,0.0
13.509649749821302,0.0
13.519656897784131,0.0
13.529664045746962,2.1474836480000005e-53
13.539671193709793,0.0
13.549678341672623,0.0
13.559685489635454,0.0
13.569692637598285,0.0
13.579699785561115,0.0
13.589706933523946,0.0
13.599714081486777,0.0
13.609721229449606,4.3980465111040017e-72
13.619728377412438,0.0
13.629735525375269,0.0
13.639742673338098,0.0
13.64974982130093,0.0
13.65975696926376,0.0
13.66976411722659,0.0
13.679771265189421,2.6843545600000004e-48
13.689778413152252,0.0
13.699785561115082,0.0
13.709792709077913,0.0
13.719799857040744,0.0
13.729807005003574,0.0
13.739814152966405,0.0
13.749821300929236,0.0
13.759828448892065,0.0
13.769835596854897,0.0
13.779842744817726,0.0
13.789849892780557,0.0
13.799857040743388,0.0
13.809864188706218,0.0
13.819871336669049,0.0
13.82987848463188,0.0
13.83988563259471,0.0
13.849892780557541,0.0
13.859899928520372,0.0
13.869907076483202,0.0
13.879914224446033,0.0
13.889921372408864,0.0
13.899928520371693,0.0
13.909935668334525,0.0
13.919942816297356,0.0
13.929949964260185,0.0
13.939957112223016,0.0
13.949964260185848,0.0
13.959971408148677,0.0
13.969978556111508,0.0
13.97998570407434,0.0
13.989992852037169,0.0
14.0,0.0
